Afghanistan,2012,2002,60,20,20
Afghanistan,2012,1990,60,20,20
Afghanistan,2012,2003,60,20,20
Afghanistan,2012,2004,60,20,20
Afghanistan,2012,2005,60,20,20
Afghanistan,2012,2006,38,24,38
Afghanistan,2012,2007,38,24,38
Afghanistan,2012,2008,38,24,38
Afghanistan,2012,2015,24.6,21.8,53.5
Afghanistan,2012,2012,24.6,21.8,53.5
Afghanistan,2012,2016,24,21,55
Afghanistan,2012,2014,24,21,55
Afghanistan,2012,2017,22,22,56
Albania,2012,2002,49,27,24
Albania,2012,2003,49,27,24
Albania,2012,2004,47.5,24.6,27.8
Albania,2012,2005,46.2,25.4,28.4
Albania,2012,2006,23.2,18.8,57.9
Albania,2012,2007,22.3,20.9,56.9
Albania,2012,2008,21.2,20.5,58.3
Albania,2012,2015,22.6,15.1,62.4
Albania,2012,2013,22.6,15.1,62.4
Albania,2012,2016,21.9,14.9,63.3
Albania,2012,2017,23,23.8,53.2
Algeria,2012,2002,17,33,50
Algeria,2012,2000,17,33,50
Algeria,2012,2003,8,60,32
Algeria,2012,2004,10.2,56.5,33.4
Algeria,2012,2005,10.3,57.4,32.3
Algeria,2012,2006,10.1,60,29.8
Algeria,2012,2007,8.4,60.6,31
Algeria,2012,2008,8.2,61.5,30.3
Algeria,2012,2015,8.6,48.3,43.1
Algeria,2012,2014,8.6,48.3,43.1
Algeria,2012,2016,13.1,39,47.9
Algeria,2012,2017,12.9,36.2,50.9
American Samoa,2012,2015,27.4,12.4,60.2
American Samoa,2012,2012,27.4,12.4,60.2
American Samoa,2012,2016,27.4,12.4,60.2
American Samoa,2012,2017,27.4,12.4,60.2
Andorra,2012,2015,14,79,6
Andorra,2012,2011,14,79,6
Andorra,2012,2016,14,79,6
Andorra,2012,2017,11.9,33.6,54.5
Angola,2012,2002,6,70,24
Angola,2012,2000,6,70,24
Angola,2012,2003,8,67,25
Angola,2012,2001,8,67,25
Angola,2012,2004,8,67,25
Angola,2012,2005,8,67,25
Angola,2012,2006,9.6,65.8,24.6
Angola,2012,2007,9.6,65.8,24.6
Angola,2012,2008,9.5,65.8,24.6
Angola,2012,2015,10.2,61.4,28.4
Angola,2012,2011,10.2,61.4,28.4
Angola,2012,2016,10.2,61.4,28.4
Angola,2012,2017,10.2,61.4,28.4
Anguilla,2012,2002,4,18,78
Anguilla,2012,1997,4,18,78
Anguilla,2012,2003,4,18,78
Anguilla,2012,2004,4,18,78
Anguilla,2012,2005,4,18,78
Anguilla,2012,2006,4,18,78
Anguilla,2012,2007,4,18,78
Anguilla,2012,2008,4,18,78
Anguilla,2012,2015,2.6,24.4,73
Anguilla,2012,2014,2.6,24.4,73
Anguilla,2012,2016,2.3,21.1,76.5
Anguilla,2012,2017,2.4,21.3,76.3
Antigua And Barbuda,2012,2002,4,19,77
Antigua And Barbuda,2012,2001,4,19,77
Antigua And Barbuda,2012,2003,3.9,19.2,76.8
Antigua And Barbuda,2012,2004,3.9,19.2,76.8
Antigua And Barbuda,2012,2005,3.9,19.2,76.8
Antigua And Barbuda,2012,2006,3.8,22,74.3
Antigua And Barbuda,2012,2007,3.8,22,74.3
Antigua And Barbuda,2012,2008,3.8,22,74.3
Antigua And Barbuda,2012,2015,1.9,18.5,79.6
Antigua And Barbuda,2012,2014,1.9,18.5,79.6
Antigua And Barbuda,2012,2016,2.3,17.8,79.9
Antigua And Barbuda,2012,2017,2.3,20.2,77.5
Argentina,2012,2002,5,28,66
Argentina,2012,2000,5,28,66
Argentina,2012,2003,5,28,66
Argentina,2012,2004,11.1,34.8,54.1
Argentina,2012,2005,10.6,35.9,53.5
Argentina,2012,2006,9.5,35.8,54.7
Argentina,2012,2007,8.5,35.9,55.6
Argentina,2012,2008,9.5,34,56.5
Argentina,2012,2015,10.4,29.5,60.1
Argentina,2012,2014,10.4,29.5,60.1
Argentina,2012,2016,10.9,29.3,59.7
Argentina,2012,2017,10.6,28.3,61.1
Armenia,2012,2002,29,32,39
Armenia,2012,2000,29,32,39
Armenia,2012,2003,30,26,44
Armenia,2012,2001,30,26,44
Armenia,2012,2004,23.4,35.1,41.5
Armenia,2012,2005,22.9,36.1,41.1
Armenia,2012,2006,23.9,34.3,41.8
Armenia,2012,2007,18.2,38.6,43.2
Armenia,2012,2008,17.2,36.4,46.4
Armenia,2012,2015,21.9,31.5,46.6
Armenia,2012,2014,21.9,31.5,46.6
Armenia,2012,2016,19.4,28.7,51.9
Armenia,2012,2017,17.8,27.5,54.7
Aruba,2012,2007,0.4,33.3,66.3
Aruba,2012,2002,0.4,33.3,66.3
Aruba,2012,2008,0.4,33.3,66.3
Aruba,2012,2015,0.4,33.3,66.3
Aruba,2012,2016,0.4,33.3,66.3
Aruba,2012,2017,0.4,33.3,66.3
Australia,2012,2002,3,26,71
Australia,2012,2001,3,26,71
Australia,2012,2003,3,26,71
Australia,2012,2004,3.5,26.3,70.2
Australia,2012,2005,3.4,28.2,68.4
Australia,2012,2006,3.8,26.2,70
Australia,2012,2007,3.7,26.2,70.1
Australia,2012,2008,3,26.4,70.6
Australia,2012,2015,3.7,28.9,67.4
Australia,2012,2014,3.7,28.9,67.4
Australia,2012,2016,3.6,27.8,68.6
Australia,2012,2017,3.6,26.5,69.9
Austria,2012,2002,2,33,65
Austria,2012,2003,2,33,65
Austria,2012,2004,3.5,25.7,70.9
Austria,2012,2005,2.3,30.8,66.9
Austria,2012,2006,1.8,30.4,67.8
Austria,2012,2007,1.6,30.6,67.8
Austria,2012,2008,1.6,30.3,68
Austria,2012,2015,1.3,28.4,70.2
Austria,2012,2014,1.3,28.4,70.2
Austria,2012,2016,1.3,28.3,70.4
Austria,2012,2017,1.3,28.1,70.6
Azerbaijan,2012,2002,20,33,47
Azerbaijan,2012,2001,20,33,47
Azerbaijan,2012,2003,20,33,47
Azerbaijan,2012,2004,14.1,45.7,40.2
Azerbaijan,2012,2005,14.1,45.7,40.2
Azerbaijan,2012,2006,14.1,45.7,40.2
Azerbaijan,2012,2007,7.5,63.5,28.9
Azerbaijan,2012,2008,6.2,63.3,30.5
Azerbaijan,2012,2015,5.7,61.2,33.2
Azerbaijan,2012,2014,5.7,61.2,33.2
Azerbaijan,2012,2016,6,59.1,34.9
Azerbaijan,2012,2017,6,51.7,42.3
Bahamas The,2012,2002,3,7,90
Bahamas The,2012,1999,3,7,90
Bahamas The,2012,2003,3,7,90
Bahamas The,2012,2004,3,7,90
Bahamas The,2012,2001,3,7,90
Bahamas The,2012,2005,3,7,90
Bahamas The,2012,2006,3,7,90
Bahamas The,2012,2007,3,7,90
Bahamas The,2012,2008,3,7,90
Bahamas The,2012,2015,2.1,7.3,90.6
Bahamas The,2012,2014,2.1,7.3,90.6
Bahamas The,2012,2016,2.2,7.6,90.2
Bahamas The,2012,2017,2.2,7.6,90.1
Bahrain,2012,2002,1,35,64
Bahrain,2012,2001,1,35,64
Bahrain,2012,2003,1,35,64
Bahrain,2012,2004,0.7,42.1,57.2
Bahrain,2012,2005,0.7,41,58.4
Bahrain,2012,2006,0.5,38.7,60.8
Bahrain,2012,2007,0.3,45,54.6
Bahrain,2012,2008,0.3,43.6,56
Bahrain,2012,2015,0.3,47.1,52.6
Bahrain,2012,2014,0.3,47.1,52.6
Bahrain,2012,2016,0.3,38.3,61.4
Bahrain,2012,2017,0.3,37.3,62.3
Bangladesh,2012,2002,30,18,52
Bangladesh,2012,2000,30,18,52
Bangladesh,2012,2003,35,19,46
Bangladesh,2012,2001,35,19,46
Bangladesh,2012,2004,21.7,26.6,51.7
Bangladesh,2012,2005,21.2,27.1,51.7
Bangladesh,2012,2006,19.9,19.8,60.3
Bangladesh,2012,2007,19.7,28,52.3
Bangladesh,2012,2008,19,28.7,52.3
Bangladesh,2012,2015,15.1,26.5,58.3
Bangladesh,2012,2014,15.1,26.5,58.3
Bangladesh,2012,2016,15.5,28.1,56.3
Bangladesh,2012,2017,14.8,28.8,56.5
Barbados,2012,2002,6,16,78
Barbados,2012,2000,6,16,78
Barbados,2012,2003,6,16,78
Barbados,2012,2004,6,16,78
Barbados,2012,2005,6,16,78
Barbados,2012,2006,6,16,78
Barbados,2012,2007,6,16,78
Barbados,2012,2008,6,16,78
Barbados,2012,2015,3.1,12,85
Barbados,2012,2014,3.1,12,85
Barbados,2012,2016,2.8,12.1,85.1
Barbados,2012,2017,1.6,11.3,87.1
Belarus,2012,2002,13,42,45
Belarus,2012,2000,13,42,45
Belarus,2012,2003,15,40,45
Belarus,2012,2004,11.1,36.4,52.5
Belarus,2012,2005,11,36.4,52.6
Belarus,2012,2006,9.3,31.6,59.1
Belarus,2012,2007,9.2,41.7,49.1
Belarus,2012,2008,8.7,40.6,50.6
Belarus,2012,2015,7.3,37,55.7
Belarus,2012,2014,7.3,37,55.7
Belarus,2012,2016,8.9,41.3,49.8
Belarus,2012,2017,8.1,39.6,52.3
Belgium,2012,2002,1,24,74
Belgium,2012,2001,1.3,24.4,74.3
Belgium,2012,2003,1.3,24.4,74.3
Belgium,2012,2004,1.9,26.3,71.8
Belgium,2012,2005,1.3,25.7,73
Belgium,2012,2006,1,24,74.9
Belgium,2012,2007,1,24.3,74.7
Belgium,2012,2008,1.1,24.5,74.4
Belgium,2012,2015,0.8,21.1,78.1
Belgium,2012,2014,0.8,21.1,78.1
Belgium,2012,2016,0.6,21.9,77.4
Belgium,2012,2017,0.7,22.3,77
Belize,2012,2002,18,24,58
Belize,2012,2001,18,24,58
Belize,2012,2003,18,24,58
Belize,2012,2004,22.7,24.5,52.8
Belize,2012,2005,17.7,15,67.3
Belize,2012,2006,14.2,15.2,61.2
Belize,2012,2007,22.5,14.8,62.6
Belize,2012,2008,21.3,13.7,65
Belize,2012,2015,13.1,16,70.9
Belize,2012,2014,13.1,16,70.9
Belize,2012,2016,12.7,15.5,71.8
Belize,2012,2017,9.7,14.3,61.8
Benin,2012,2002,36,14,50
Benin,2012,2001,36,14,50
Benin,2012,2003,38,15,47
Benin,2012,2004,36.4,14.5,49.1
Benin,2012,2005,36.3,14.3,49.4
Benin,2012,2006,31.6,13.8,54.6
Benin,2012,2007,32.8,13.7,53.5
Benin,2012,2008,33.2,14.5,52.3
Benin,2012,2015,31.8,12.3,55.9
Benin,2012,2014,31.8,12.3,55.9
Benin,2012,2016,23.2,24.9,51.9
Benin,2012,2017,25.2,23.2,51.5
Bermuda,2012,2002,1,10,89
Bermuda,2012,1995,1,10,89
Bermuda,2012,2003,1,10,89
Bermuda,2012,2004,1,10,89
Bermuda,2012,2005,1,10,89
Bermuda,2012,2006,1,10,89
Bermuda,2012,2007,1,10,89
Bermuda,2012,2008,1,10,89
Bermuda,2012,2015,0.7,5.2,94.1
Bermuda,2012,2014,0.7,5.2,94.1
Bermuda,2012,2016,0.7,5.8,93.4
Bermuda,2012,2017,0.8,5.8,93.4
Bhutan,2012,2002,45,20,35
Bhutan,2012,2001,45,20,35
Bhutan,2012,2003,45,10,45
Bhutan,2012,2004,45,10,45
Bhutan,2012,2005,45,10,45
Bhutan,2012,2006,25.8,37.9,36.3
Bhutan,2012,2007,24.7,37.2,38.1
Bhutan,2012,2008,22.3,37.9,39.8
Bhutan,2012,2015,14.4,41.6,44
Bhutan,2012,2014,14.4,41.6,44
Bhutan,2012,2016,17.1,42.1,40.9
Bhutan,2012,2017,16.4,42.2,41.4
Bolivia,2012,2002,14,31,55
Bolivia,2012,2000,14,31,55
Bolivia,2012,2003,20,20,60
Bolivia,2012,2004,15,33.2,51.9
Bolivia,2012,2005,13,28,59
Bolivia,2012,2006,12.8,35.2,52
Bolivia,2012,2007,12.6,35.6,51.8
Bolivia,2012,2008,14.5,30.5,55
Bolivia,2012,2015,13.1,38.9,48
Bolivia,2012,2014,13.1,38.9,48
Bolivia,2012,2016,13.5,38.6,53.2
Bolivia,2012,2017,13.4,38.5,53.8
Bosnia And Herzegovina,2012,2002,16,28,56
Bosnia And Herzegovina,2012,1998,16,28,56
Bosnia And Herzegovina,2012,2003,13,40.9,46.1
Bosnia And Herzegovina,2012,2001,13,40.9,46.1
Bosnia And Herzegovina,2012,2004,13,40.9,46.1
Bosnia And Herzegovina,2012,2005,14.2,30.8,55
Bosnia And Herzegovina,2012,2006,14.2,30.8,55
Bosnia And Herzegovina,2012,2007,10.2,23.9,66
Bosnia And Herzegovina,2012,2008,10.2,23.9,66
Bosnia And Herzegovina,2012,2015,8,26.3,65.7
Bosnia And Herzegovina,2012,2014,8,26.3,65.7
Bosnia And Herzegovina,2012,2016,7.9,26.5,65.6
Bosnia And Herzegovina,2012,2017,7.8,26.8,65.4
Botswana,2012,2002,4,44,36
Botswana,2012,2000,4,44,36
Botswana,2012,2003,4,44,36
Botswana,2012,2001,4,44,36
Botswana,2012,2004,4,48.7,36
Botswana,2012,2005,4,44,36
Botswana,2012,2006,2.4,46.9,36
Botswana,2012,2007,1.6,51.5,36
Botswana,2012,2008,1.6,51.5,36
Botswana,2012,2015,1.9,28.7,69.4
Botswana,2012,2014,1.9,28.7,69.4
Botswana,2012,2016,1.9,30.2,67.9
Botswana,2012,2017,1.8,29.4,68.8
Brazil,2012,2002,9,32,59
Brazil,2012,2000,9,32,59
Brazil,2012,2003,8,36,56
Brazil,2012,2001,8,36,56
Brazil,2012,2004,10.2,38.7,51.2
Brazil,2012,2005,10.1,38.6,51.3
Brazil,2012,2006,8.4,40,51.6
Brazil,2012,2007,5.1,30.9,64
Brazil,2012,2008,5.5,28.7,65.8
Brazil,2012,2015,5.8,23.8,70.4
Brazil,2012,2014,5.8,23.8,70.4
Brazil,2012,2016,5.9,22.2,71.9
Brazil,2012,2017,5.8,20.9,73.3
British Virgin Islands,2012,2002,2,6,92
British Virgin Islands,2012,1996,1.8,6.2,92
British Virgin Islands,2012,2003,1.8,6.2,92
British Virgin Islands,2012,2004,1.8,6.2,92
British Virgin Islands,2012,2005,1.8,6.2,92
British Virgin Islands,2012,2006,1.8,6.2,92
British Virgin Islands,2012,2007,1.8,6.2,92
British Virgin Islands,2012,2008,1.8,6.2,92
British Virgin Islands,2012,2015,1.1,12,86.9
British Virgin Islands,2012,2014,1.1,12,86.9
British Virgin Islands,2012,2016,1,11.1,87.9
British Virgin Islands,2012,2017,1,11.2,87.8
Brunei,2012,2002,5,45,50
Brunei,2012,2001,5,45,50
Brunei,2012,2003,5,45,50
Brunei,2012,2004,5,45,50
Brunei,2012,2005,5,45,50
Brunei,2012,2006,3.6,56.1,40.3
Brunei,2012,2007,0.9,71.6,27.5
Brunei,2012,2008,0.9,71.6,27.5
Brunei,2012,2015,0.8,66.5,32.8
Brunei,2012,2014,0.8,66.5,32.8
Brunei,2012,2016,1.1,60.2,38.7
Brunei,2012,2017,1.2,56.5,42.4
Bulgaria,2012,2002,14,29,58
Bulgaria,2012,2001,13.7,28.5,57.9
Bulgaria,2012,2003,13.7,28.5,57.9
Bulgaria,2012,2004,11.4,30,58.6
Bulgaria,2012,2005,11.5,30.1,58.4
Bulgaria,2012,2006,9.3,30.4,60.3
Bulgaria,2012,2007,8.5,31.5,60
Bulgaria,2012,2008,6.2,32.3,61.5
Bulgaria,2012,2015,4.9,31.2,63.9
Bulgaria,2012,2014,4.9,31.2,63.9
Bulgaria,2012,2016,5.1,27.6,67.2
Bulgaria,2012,2017,4.4,28,67.6
Burkina Faso,2012,2002,31,28,41
Burkina Faso,2012,2000,31,28,41
Burkina Faso,2012,2003,35,17,48
Burkina Faso,2012,2001,35,17,48
Burkina Faso,2012,2004,39.8,19.6,40.5
Burkina Faso,2012,2005,39.5,19.3,41.3
Burkina Faso,2012,2006,32.2,19.6,48.2
Burkina Faso,2012,2007,30,19,51
Burkina Faso,2012,2008,29.7,19.4,50.9
Burkina Faso,2012,2015,38,22,40
Burkina Faso,2012,2014,38,22,40
Burkina Faso,2012,2016,32.9,21.9,45.2
Burkina Faso,2012,2017,32.6,22.2,45.2
Burma,2012,2002,42,17,41
Burma,2012,2000,42,17,41
Burma,2012,2003,60,9,31
Burma,2012,2004,57.2,9.6,33.1
Burma,2012,2005,56.6,8.8,34.5
Burma,2012,2006,56.4,8.2,35.3
Burma,2012,2007,54.7,10.6,34.7
Burma,2012,2008,42.4,18.9,38.7
Burma,2012,2015,37.1,21.3,41.6
Burma,2012,2014,37.1,21.3,41.6
Burma,2012,2016,27.4,26.5,46
Burma,2012,2017,25.6,34.7,39.6
Burundi,2012,2002,50,18,32
Burundi,2012,2001,50,18,32
Burundi,2012,2003,50,19,31
Burundi,2012,2004,47.4,19.3,33.3
Burundi,2012,2005,48.1,19,32.9
Burundi,2012,2006,46.3,20.3,33.4
Burundi,2012,2007,44.9,20.9,34.1
Burundi,2012,2008,33.7,20.9,45.4
Burundi,2012,2015,40.3,17.1,42.5
Burundi,2012,2014,40.3,17.1,42.5
Burundi,2012,2016,42.9,16.7,40.4
Burundi,2012,2017,39.8,16.6,43.7
Cambodia,2012,2002,50,15,35
Cambodia,2012,2000,50,15,35
Cambodia,2012,2003,40,20,40
Cambodia,2012,2001,40,20,40
Cambodia,2012,2004,35,30,35
Cambodia,2012,2005,35,30,35
Cambodia,2012,2006,35,30,35
Cambodia,2012,2007,35.1,26.2,38.6
Cambodia,2012,2008,31,26,43
Cambodia,2012,2015,32.7,25.5,41.8
Cambodia,2012,2014,32.7,25.5,41.8
Cambodia,2012,2016,28.2,29.4,42.3
Cambodia,2012,2017,26.7,31.7,41.6
Cameroon,2012,2002,44,20,36
Cameroon,2012,2000,44,20,36
Cameroon,2012,2003,46,21,33
Cameroon,2012,2001,46,21,33
Cameroon,2012,2004,42.6,19.8,37.6
Cameroon,2012,2005,43.7,20.1,36.2
Cameroon,2012,2006,44.8,17,38.2
Cameroon,2012,2007,44.3,15.7,40
Cameroon,2012,2008,43.9,15.8,40.3
Cameroon,2012,2015,19.9,27.6,52.5
Cameroon,2012,2014,19.9,27.6,52.5
Cameroon,2012,2016,21.6,30.6,47.7
Cameroon,2012,2017,23,28.2,48.8
Canada,2012,2002,2,27,71
Canada,2012,2001,2.3,26.5,71.2
Canada,2012,2003,2.3,26.5,71.2
Canada,2012,2004,2.2,29.2,68.6
Canada,2012,2005,2.3,26.4,71.3
Canada,2012,2006,2.2,29.4,68.4
Canada,2012,2007,2.1,29,68.9
Canada,2012,2008,2.1,28.8,69.1
Canada,2012,2015,1.7,28.2,70.1
Canada,2012,2014,1.7,28.2,70.1
Canada,2012,2016,1.6,28.2,70.3
Canada,2012,2017,1.7,27.5,70.8
Cape Verde,2012,2002,11,17,72
Cape Verde,2012,2001,11,17,72
Cape Verde,2012,2003,11,17,72
Cape Verde,2012,2004,10,16.5,62.8
Cape Verde,2012,2005,12.1,21.9,66
Cape Verde,2012,2006,12.1,21.9,66
Cape Verde,2012,2007,9.6,16.6,73.8
Cape Verde,2012,2008,9.3,16.7,74
Cayman Islands,2012,2002,1,3,95
Cayman Islands,2012,1994,1.4,3.2,95.4
Cayman Islands,2012,2003,1.4,3.2,95.4
Cayman Islands,2012,2004,1.4,3.2,95.4
Cayman Islands,2012,2005,1.4,3.2,95.4
Cayman Islands,2012,2006,1.4,3.2,95.4
Cayman Islands,2012,2007,1.4,3.2,95.4
Cayman Islands,2012,2008,1.4,3.2,95.4
Cayman Islands,2012,2015,0.3,28.4,71.3
Cayman Islands,2012,2014,0.3,28.4,71.3
Cayman Islands,2012,2016,0.3,7.2,92.6
Cayman Islands,2012,2017,0.3,7.5,91.4
Central African Republic,2012,2002,55,20,25
Central African Republic,2012,2001,55,20,25
Central African Republic,2012,2003,55,20,25
Central African Republic,2012,2004,55,20,25
Central African Republic,2012,2005,55,20,25
Central African Republic,2012,2006,55,20,25
Central African Republic,2012,2007,55,20,25
Central African Republic,2012,2008,55,20,25
Central African Republic,2012,2015,55.1,12.5,32.3
Central African Republic,2012,2014,55.1,12.5,32.3
Central African Republic,2012,2016,58.3,11.9,29.8
Central African Republic,2012,2017,42.9,16,41.1
Chad,2012,2002,38,13,49
Chad,2012,2001,38,13,49
Chad,2012,2003,38,13,49
Chad,2012,2004,32.4,18.8,48.8
Chad,2012,2005,22.6,35.6,41.7
Chad,2012,2006,33.5,25.9,40.6
Chad,2012,2007,22.7,47,30.3
Chad,2012,2008,21.5,47.8,30.6
Chad,2012,2015,54.3,13.2,32.4
Chad,2012,2014,54.3,13.2,32.4
Chad,2012,2016,53.2,13.6,33.1
Chad,2012,2017,57.8,13.9,28.3
Chile,2012,2002,8,38,54
Chile,2012,2000,8,38,54
Chile,2012,2003,11,34,56
Chile,2012,2001,11,34,56
Chile,2012,2004,6.4,38.6,55.1
Chile,2012,2005,6.3,38.2,55.5
Chile,2012,2006,6,49.3,44.7
Chile,2012,2007,5.1,49.8,45.2
Chile,2012,2008,4.8,51.2,44
Chile,2012,2015,3.5,35.5,61.1
Chile,2012,2014,3.5,35.5,61.1
Chile,2012,2016,3.9,32.9,63.2
Chile,2012,2017,4.3,31.3,64.4
China,2012,2002,18,49,33
China,2012,2001,15.2,51.2,33.6
China,2012,2003,15.2,51.2,33.6
China,2012,2004,14.8,52.9,32.3
China,2012,2005,13.8,52.9,33.3
China,2012,2006,12.5,47.3,40.3
China,2012,2007,11.7,48.9,39.3
China,2012,2008,11.3,48.6,40.1
China,2012,2015,9.2,42.6,48.2
China,2012,2014,9.2,42.6,48.2
China,2012,2016,8.9,40.9,50.2
China,2012,2017,8.6,39.8,51.6
Colombia,2012,2002,19,26,55
Colombia,2012,2001,13,30,57
Colombia,2012,2003,13,30,57
Colombia,2012,2004,13.7,32.1,54.2
Colombia,2012,2005,13.4,32.1,54.5
Colombia,2012,2006,12.5,34.2,53.3
Colombia,2012,2007,12,35.6,52.4
Colombia,2012,2008,11.5,36,52.5
Colombia,2012,2015,6.1,37.3,56.6
Colombia,2012,2014,6.1,37.3,56.6
Colombia,2012,2016,6.8,34,59.2
Colombia,2012,2017,7.1,32.6,60.3
Comoros,2012,2002,40,4,56
Comoros,2012,2001,40,4,56
Comoros,2012,2003,40,4,56
Comoros,2012,2004,40,4,56
Comoros,2012,2005,40,4,56
Comoros,2012,2006,40,4,56
Comoros,2012,2007,40,4,56
Comoros,2012,2008,40,4,56
Comoros,2012,2015,50.4,13.7,35.9
Comoros,2012,2014,50.4,13.7,35.9
Comoros,2012,2016,49.6,12.2,38.2
Comoros,2012,2017,49.7,11.9,38.4
Congo Democratic Republic Of The,2012,2002,54,9,37
Congo Democratic Republic Of The,2012,1999,54,9,37
Congo Democratic Republic Of The,2012,2003,55,11,34
Congo Democratic Republic Of The,2012,2000,55,11,34
Congo Democratic Republic Of The,2012,2004,55,11,34
Congo Democratic Republic Of The,2012,2005,55,11,34
Congo Democratic Republic Of The,2012,2006,55,11,34
Congo Democratic Republic Of The,2012,2007,55,11,34
Congo Democratic Republic Of The,2012,2008,55,11,34
Congo Democratic Republic Of The,2012,2015,40.4,23,36.6
Congo Democratic Republic Of The,2012,2014,40.4,23,36.6
Congo Democratic Republic Of The,2012,2016,20.4,32.9,46.6
Congo Democratic Republic Of The,2012,2017,21.1,32.7,46.3
Congo Republic Of The,2012,2002,10,48,42
Congo Republic Of The,2012,2001,10,48,42
Congo Republic Of The,2012,2003,10,48,42
Congo Republic Of The,2012,2004,6.9,53.9,39.2
Congo Republic Of The,2012,2005,7.4,52,40.6
Congo Republic Of The,2012,2006,6.2,57,36.9
Congo Republic Of The,2012,2007,5.6,57.1,37.3
Congo Republic Of The,2012,2008,5.6,57.1,37.3
Congo Republic Of The,2012,2015,3.3,74.4,22.3
Congo Republic Of The,2012,2014,3.3,74.4,22.3
Congo Republic Of The,2012,2016,4.9,69.3,25.8
Congo Republic Of The,2012,2017,8.7,50.2,41.1
Cook Islands,2012,2002,17,8,75
Cook Islands,2012,2000,15.1,9.6,75.3
Cook Islands,2012,2003,17,7.8,75.2
Cook Islands,2012,2004,17,7.8,75.2
Cook Islands,2012,2005,17,7.8,75.2
Cook Islands,2012,2006,15.1,9.6,75.3
Cook Islands,2012,2007,15.1,9.6,75.3
Cook Islands,2012,2008,15.1,9.6,75.3
Cook Islands,2012,2015,5.1,12.7,82.1
Cook Islands,2012,2010,5.1,12.7,82.1
Cook Islands,2012,2016,5.1,12.7,82.1
Cook Islands,2012,2017,5.1,12.7,82.1
Costa Rica,2012,2002,11,37,52
Costa Rica,2012,2000,11,37,52
Costa Rica,2012,2003,9,30,61
Costa Rica,2012,2004,8.5,29.4,62.1
Costa Rica,2012,2005,8.5,29.7,61.8
Costa Rica,2012,2006,8.8,29.9,61.4
Costa Rica,2012,2007,8.7,28.9,62.4
Costa Rica,2012,2008,8.6,29.4,62.1
Costa Rica,2012,2015,6,20.5,73.4
Costa Rica,2012,2014,6,20.5,73.4
Costa Rica,2012,2016,5.6,19.2,75.2
Costa Rica,2012,2017,5.5,21.5,73
Cote D'Ivoire,2012,2002,28,29,43
Cote D'Ivoire,2012,2000,28,29,43
Cote D'Ivoire,2012,2003,29,22,49
Cote D'Ivoire,2012,2001,29,22,49
Cote D'Ivoire,2012,2004,36.6,19.9,43.5
Cote D'Ivoire,2012,2005,27.8,19.4,52.8
Cote D'Ivoire,2012,2006,27.9,17.1,55
Cote D'Ivoire,2012,2007,27.7,22.2,50.1
Cote D'Ivoire,2012,2008,28.1,21.5,50.5
Cote D'Ivoire,2012,2015,25.9,21.9,52.1
Cote D'Ivoire,2012,2014,25.9,21.9,52.1
Cote D'Ivoire,2012,2016,18.9,19.4,61.8
Cote D'Ivoire,2012,2017,19.5,28.3,52.2
Croatia,2012,2002,9,33,58
Croatia,2012,2003,9,33,58
Croatia,2012,2004,7.9,30,62.1
Croatia,2012,2005,8.2,30.1,61.7
Croatia,2012,2006,7,30.8,62.2
Croatia,2012,2007,7.4,31.8,60.8
Croatia,2012,2008,7.2,31.7,61.2
Croatia,2012,2015,4.5,26.6,68.9
Croatia,2012,2014,4.5,26.6,68.9
Croatia,2012,2016,4.3,26.2,69.5
Croatia,2012,2017,4.1,26.5,69.4
Cuba,2012,2003,7.6,34.5,57.9
Cuba,2012,2000,7.6,34.5,57.9
Cuba,2012,2004,5.5,26.9,67.6
Cuba,2012,2005,6.6,25.5,67.9
Cuba,2012,2006,5.5,26.1,68.4
Cuba,2012,2007,4,24.8,71.2
Cuba,2012,2008,5.2,25,69.8
Cuba,2012,2015,3.8,14.3,81.9
Cuba,2012,2013,3.8,14.3,81.9
Cuba,2012,2016,4,24.6,71.5
Cuba,2012,2017,3.9,22,74.8
Cyprus,2012,2008,2.7,19.2,78
Cyprus,2012,2007,2.7,19.2,78
Cyprus,2012,2015,2.9,10.5,86.6
Cyprus,2012,2016,2.4,10.5,87.1
Cyprus,2012,2017,2.3,11,86.7
Czech Republic,2012,2002,4,41,56
Czech Republic,2012,2001,3.8,41,55.2
Czech Republic,2012,2003,3.8,41,55.2
Czech Republic,2012,2004,3.1,35.5,61.4
Czech Republic,2012,2005,3.4,39.3,57.3
Czech Republic,2012,2006,3.4,39.3,57.3
Czech Republic,2012,2007,2.7,39.1,58.2
Czech Republic,2012,2008,2.7,38.7,58.6
Czech Republic,2012,2015,2.6,37.4,60
Czech Republic,2012,2014,2.6,37.4,60
Denmark,2012,2002,3,26,71
Denmark,2012,2003,3,26,71
Denmark,2012,2004,2,22.1,75.9
Denmark,2012,2005,2.2,25.5,72.3
Denmark,2012,2006,1.8,24.6,73.5
Denmark,2012,2007,1.6,26.1,72.2
Denmark,2012,2008,1.3,25.7,73
Denmark,2012,2015,1.3,21.2,77.5
Denmark,2012,2014,1.3,21.2,77.5
Denmark,2012,2016,1.1,23.3,75.7
Denmark,2012,2017,1.1,23.6,75.3
Djibouti,2012,2002,3,10,87
Djibouti,2012,2001,17.9,22.5,59.6
Djibouti,2012,2003,3.5,15.8,80.7
Djibouti,2012,2004,3.5,15.8,80.7
Djibouti,2012,2005,3.5,15.8,80.7
Djibouti,2012,2006,17.9,22.5,59.6
Djibouti,2012,2007,17.9,22.5,59.6
Djibouti,2012,2008,3.2,14.9,81.9
Djibouti,2012,2015,2.9,16.6,80.5
Djibouti,2012,2014,2.9,16.6,80.5
Djibouti,2012,2016,3.1,21.2,75.7
Djibouti,2012,2017,2.9,20.8,76.3
Dominica,2012,2002,18,23,59
Dominica,2012,2001,18,23,59
Dominica,2012,2003,18,24,58
Dominica,2012,2004,18,24,58
Dominica,2012,2005,18,24,58
Dominica,2012,2006,17.7,32.8,49.5
Dominica,2012,2007,17.7,32.8,49.5
Dominica,2012,2008,17.7,32.8,49.5
Dominica,2012,2015,14.8,14.1,71.1
Dominica,2012,2014,14.8,14.1,71.1
Dominica,2012,2016,16.5,15.5,68
Dominica,2012,2017,14.7,13.4,71.9
Dominican Republic,2012,2002,11,34,55
Dominican Republic,2012,2000,11,34,55
Dominican Republic,2012,2003,11,34,55
Dominican Republic,2012,2001,11,34,55
Dominican Republic,2012,2004,10.7,31.5,57.8
Dominican Republic,2012,2005,10.7,31.5,57.8
Dominican Republic,2012,2006,11.2,30.6,58.2
Dominican Republic,2012,2007,11.6,28.6,59.8
Dominican Republic,2012,2008,11.7,23.8,64.4
Dominican Republic,2012,2015,6.3,32.1,61.6
Dominican Republic,2012,2014,6.3,32.1,61.6
Dominican Republic,2012,2016,5.3,33.2,61.5
Dominican Republic,2012,2017,5.5,33.4,61.1
East Timor,2012,2002,25,17,57
East Timor,2012,2001,8.5,23.1,68.4
East Timor,2012,2003,25.4,17.2,57.4
East Timor,2012,2004,25.4,17.2,57.4
East Timor,2012,2005,25.4,17.2,57.4
East Timor,2012,2006,8.5,23.1,68.4
Ecuador,2012,2002,11,25,64
Ecuador,2012,2000,11,25,64
Ecuador,2012,2003,11,33,56
Ecuador,2012,2001,11,33,56
Ecuador,2012,2004,8.7,29.7,61.6
Ecuador,2012,2005,8.7,30.5,60.9
Ecuador,2012,2006,7,31.2,61.8
Ecuador,2012,2007,6.1,35.3,58.6
Ecuador,2012,2008,6.7,35.1,58.2
Ecuador,2012,2015,6,34.4,59.6
Ecuador,2012,2014,6,34.4,59.6
Ecuador,2012,2016,6.1,34.1,59.7
Ecuador,2012,2017,6.4,33.8,59.7
Egypt,2012,2002,14,30,56
Egypt,2012,2001,17,34,49
Egypt,2012,2003,17,34,49
Egypt,2012,2004,17,33,50
Egypt,2012,2005,17.2,33,49.8
Egypt,2012,2006,14.9,35.7,49.3
Egypt,2012,2007,14.1,38.4,47.5
Egypt,2012,2008,13.8,38.1,48
Egypt,2012,2015,14.6,38.9,46.5
Egypt,2012,2014,14.6,38.9,46.5
Egypt,2012,2016,11.2,36.3,52.5
Egypt,2012,2017,11.9,32.9,55.2
El Salvador,2012,2002,10,30,60
El Salvador,2012,2000,10,30,60
El Salvador,2012,2003,10,30,60
El Salvador,2012,2001,10,30,60
El Salvador,2012,2004,9.4,31.2,59.3
El Salvador,2012,2005,9.2,31.1,59.7
El Salvador,2012,2006,9.9,30.2,59.9
El Salvador,2012,2007,10.1,29.9,60
El Salvador,2012,2008,10.8,30.8,58.4
El Salvador,2012,2015,10,25.1,64.9
El Salvador,2012,2014,10,25.1,64.9
El Salvador,2012,2016,10.5,25.1,64.4
El Salvador,2012,2017,10.6,24.6,64.8
Equatorial Guinea,2012,2002,20,60,20
Equatorial Guinea,2012,1999,20,60,20
Equatorial Guinea,2012,2003,20,60,20
Equatorial Guinea,2012,2004,20,60,2.4
Equatorial Guinea,2012,2005,3,95.7,1.3
Equatorial Guinea,2012,2006,3,90.6,6.2
Equatorial Guinea,2012,2007,3.1,92,4.8
Equatorial Guinea,2012,2008,2.9,92.2,4.8
Equatorial Guinea,2012,2015,5.1,85.7,9.2
Equatorial Guinea,2012,2014,5.1,85.7,9.2
Equatorial Guinea,2012,2016,8,77.1,14.8
Equatorial Guinea,2012,2017,2.3,57.2,40.5
Eritrea,2012,2002,17,29,54
Eritrea,2012,2001,17,29,54
Eritrea,2012,2003,17,29,54
Eritrea,2012,2004,12.4,25.3,62.4
Eritrea,2012,2005,12.4,25.9,61.7
Eritrea,2012,2006,10.2,25.4,64.3
Eritrea,2012,2007,21.9,22.6,55.5
Eritrea,2012,2008,17.5,23.2,59.3
Eritrea,2012,2015,11.6,28.1,60.2
Eritrea,2012,2014,11.6,28.1,60.2
Eritrea,2012,2016,12.5,27.5,60
Eritrea,2012,2017,12.1,29.5,58.5
Estonia,2012,2002,6,29,66
Estonia,2012,2001,5.8,28.6,65.6
Estonia,2012,2003,5.8,28.6,65.6
Estonia,2012,2004,4.9,30.3,64.8
Estonia,2012,2005,4.1,28.9,67
Estonia,2012,2006,4,29.4,66.6
Estonia,2012,2007,3.2,29.1,67.8
Estonia,2012,2008,3,28.5,68.5
Estonia,2012,2015,3.6,29.2,67.2
Estonia,2012,2014,3.6,29.2,67.2
Estonia,2012,2016,3.5,27.7,68.8
Estonia,2012,2017,3.4,27.9,68.7
Ethiopia,2012,2002,52,11,37
Ethiopia,2012,2000,52,11,37
Ethiopia,2012,2003,52,11,37
Ethiopia,2012,2001,52,11,37
Ethiopia,2012,2004,46,12.6,41.4
Ethiopia,2012,2005,47,12.4,40.6
Ethiopia,2012,2006,47.5,9.9,42.6
Ethiopia,2012,2007,48.3,13,38.7
Ethiopia,2012,2008,47,13.2,39.8
Ethiopia,2012,2015,47.7,10.4,41.9
Ethiopia,2012,2014,47.7,10.4,41.9
Ethiopia,2012,2016,40.5,16.2,43.3
Ethiopia,2012,2017,37.2,21.3,41.5
Falkland Islands (Islas Malvinas),2012,2006,95
Falkland Islands (Islas Malvinas),2012,2007,95
Falkland Islands (Islas Malvinas),2012,1996,95
Falkland Islands (Islas Malvinas),2012,2008,95
Falkland Islands (Islas Malvinas),2012,2015,95
Falkland Islands (Islas Malvinas),2012,2016,95
Falkland Islands (Islas Malvinas),2012,2017,95
Faroe Islands,2012,2002,27,11,62
Faroe Islands,2012,1999,27,11,62
Faroe Islands,2012,2003,27,11,62
Faroe Islands,2012,2004,27,11,62
Faroe Islands,2012,2005,27,11,62
Faroe Islands,2012,2006,27,11,62
Faroe Islands,2012,2007,27,11,62
Faroe Islands,2012,2008,27,11,62
Faroe Islands,2012,2015,16,29,55
Faroe Islands,2012,2016,16,29,55
Faroe Islands,2012,2017,18,39,43
Faroe Islands,2012,2013,18,39,43
Fiji,2012,2002,17,25,58
Fiji,2012,2000,17,25,58
Fiji,2012,2003,17,25,58
Fiji,2012,2004,16.6,22.4,61
Fiji,2012,2001,8.9,13.5,77.6
Fiji,2012,2005,16.6,22.4,61
Fiji,2012,2006,8.9,13.5,77.6
Fiji,2012,2007,8.9,13.5,77.6
Fiji,2012,2008,8.9,13.5,77.6
Fiji,2012,2015,12.7,18.2,69.1
Fiji,2012,2014,12.7,18.2,69.1
Fiji,2012,2016,11,18.4,70.6
Fiji,2012,2017,10.7,18,71.3
Finland,2012,2002,4,34,62
Finland,2012,2003,4,34,62
Finland,2012,2004,4.3,32.7,62.9
Finland,2012,2005,3.3,30.2,66.5
Finland,2012,2006,2.8,29.5,67.6
Finland,2012,2007,2.5,32.3,65.1
Finland,2012,2008,3.1,32.6,64.3
Finland,2012,2015,2.7,27,70.3
Finland,2012,2014,2.7,27,70.3
Finland,2012,2016,2.5,26.8,70.6
Finland,2012,2017,2.7,27.1,70.2
France,2012,2002,3,26,71
France,2012,2003,3,26,71
France,2012,2004,2.7,24.4,72.9
France,2012,2005,2.7,24.3,73
France,2012,2006,2.2,21.4,76.4
France,2012,2007,2,20.7,77.2
France,2012,2008,2.2,20.6,77.2
France,2012,2015,1.7,19.4,78.9
France,2012,2014,1.7,19.4,78.9
France,2012,2016,1.7,19.5,78.8
France,2012,2017,1.6,19.6,78.8
French Polynesia,2012,2002,6,18,76
French Polynesia,2012,1997,6,18,76
French Polynesia,2012,2003,6,18,76
French Polynesia,2012,2004,6,18,76
French Polynesia,2012,2005,4,18,78
French Polynesia,2012,2006,3.1,19,76.9
French Polynesia,2012,2007,3.1,19,76.9
French Polynesia,2012,2008,3.1,19,77.8
French Polynesia,2012,2015,2.5,13,84.5
French Polynesia,2012,2009,2.5,13,84.5
French Polynesia,2012,2016,2.5,13,84.5
French Polynesia,2012,2017,2.5,13,84.5
Gabon,2012,2002,10,60,30
Gabon,2012,1999,10,60,30
Gabon,2012,2003,15,60,25
Gabon,2012,2001,15,60,25
Gabon,2012,2004,8.1,48.8,43.1
Gabon,2012,2005,7.4,46.7,45.9
Gabon,2012,2006,6.1,59.2,34.8
Gabon,2012,2007,6,58.4,35.6
Gabon,2012,2008,6.1,58,35.9
Gabon,2012,2015,3.7,61.7,34.6
Gabon,2012,2014,3.7,61.7,34.6
Gabon,2012,2016,4.7,52.8,42.5
Gabon,2012,2017,4.3,44.2,51.4
Gambia The,2012,2002,21,12,67
Gambia The,2012,1998,21,12,67
Gambia The,2012,2003,33,13,54
Gambia The,2012,1999,33,13,54
Gambia The,2012,2004,46.8,9.3,43.8
Gambia The,2012,2005,26.8,14.5,58.7
Gambia The,2012,2006,30.8,14.2,54.9
Gambia The,2012,2007,32.9,9.6,57.5
Gambia The,2012,2008,32.8,8.7,58.5
Gambia The,2012,2015,22.8,11.8,65.5
Gambia The,2012,2014,22.8,11.8,65.5
Gambia The,2012,2016,21.6,15.8,62.6
Gambia The,2012,2017,21,13.8,65.2
Gaza Strip,2012,2002,9,28,63
Gaza Strip,2012,1999,9,28,63
Gaza Strip,2012,2004,9,28,63
Gaza Strip,2012,2005,9,28,63
Gaza Strip,2012,2006,3,28.3,68.7
Gaza Strip,2012,2007,8,18.2,73.9
Gaza Strip,2012,2008,8,13,79
Gaza Strip,2012,2015,5.7,16.9,77.4
Gaza Strip,2012,2014,4.7,13.7,81.6
Gaza Strip,2012,2016,4.7,13.7,81.6
Gaza Strip,2012,2017,2.9,20.9,62.7
Georgia,2012,2002,20,25,55
Georgia,2012,2003,20,25,55
Georgia,2012,2004,20.5,22.6,56.9
Georgia,2012,2005,20.5,22.6,56.9
Georgia,2012,2006,17.2,27.5,55.3
Georgia,2012,2007,15,28.3,56.7
Georgia,2012,2008,13,28.7,58.3
Georgia,2012,2015,9.1,21.8,69.1
Georgia,2012,2014,9.1,21.8,69.1
Georgia,2012,2016,9.2,22.1,68.7
Georgia,2012,2017,9.3,22.8,67.2
Germany,2012,2002,1,31,68
Germany,2012,2003,1,31,68
Germany,2012,2004,1,31,68
Germany,2012,2005,1,31,68
Germany,2012,2006,0.9,29.6,69.5
Germany,2012,2007,1,30,69.1
Germany,2012,2008,0.9,30.1,69
Germany,2012,2015,0.9,30.8,68.4
Germany,2012,2014,0.9,30.8,68.4
Germany,2012,2016,0.6,30.4,69.1
Germany,2012,2017,0.6,30.3,69.1
Ghana,2012,2002,36,25,39
Ghana,2012,2000,36,25,39
Ghana,2012,2003,36,25,39
Ghana,2012,2004,35.4,25.4,39.2
Ghana,2012,2005,34.3,24.2,41.4
Ghana,2012,2006,36.6,24.6,38.7
Ghana,2012,2007,37.3,25.3,37.5
Ghana,2012,2008,37.3,25.3,37.5
Ghana,2012,2015,22,28.4,49.6
Ghana,2012,2014,22,28.4,49.6
Ghana,2012,2016,20.7,27.7,51.6
Ghana,2012,2017,19.7,25.3,59.4
Gibraltar,2012,2015,0,0,100
Gibraltar,2012,2008,0,0,100
Gibraltar,2012,2016,0,0,100
Gibraltar,2012,2017,0,0,100
Greece,2012,2002,9,22,70
Greece,2012,2000,9,22,70
Greece,2012,2003,8.1,22.3,69.3
Greece,2012,2004,6.7,22,71.2
Greece,2012,2005,7,22,71
Greece,2012,2006,5.4,21.3,73.3
Greece,2012,2007,3.3,20.8,75.9
Greece,2012,2008,3.6,24.5,71.9
Greece,2012,2015,3.5,15.9,80.6
Greece,2012,2014,3.5,15.9,80.6
Greece,2012,2016,4,15.2,80.8
Greece,2012,2017,4,15.8,80.2
Greenland,2012,2015,13.9,19.2,67
Greenland,2012,2012,13.9,19.2,67
Greenland,2012,2016,13.9,19.2,67
Greenland,2012,2017,15.9,10.1,73.9
Grenada,2012,2002,8,24,68
Grenada,2012,2000,5.4,18,76.6
Grenada,2012,2003,7.7,23.9,68.4
Grenada,2012,2004,7.7,23.9,68.4
Grenada,2012,2005,7.7,23.9,68.4
Grenada,2012,2006,5.4,18,76.6
Grenada,2012,2007,5.4,18,76.6
Grenada,2012,2008,5.4,18,76.6
Grenada,2012,2015,5.9,11,83.2
Grenada,2012,2014,5.9,11,83.2
Grenada,2012,2016,9.4,13.9,76.7
Grenada,2012,2017,9,14.6,76.5
Guadeloupe,2012,2002,15,17,68
Guadeloupe,2012,1997,15,17,68
Guadeloupe,2012,2003,15,17,68
Guadeloupe,2012,2004,15,17,68
Guadeloupe,2012,2005,15,17,68
Guadeloupe,2012,2006,15,17,68
Guam,2012,2002,15
Guam,2012,1993,15
Guam,2012,2003,7,15,78
Guam,2012,2004,7,15,78
Guam,2012,2005,7,15,78
Guatemala,2012,2002,23,20,57
Guatemala,2012,2000,23,20,57
Guatemala,2012,2003,23,20,57
Guatemala,2012,2001,23,20,57
Guatemala,2012,2004,22.5,18.9,58.5
Guatemala,2012,2005,22.7,19.5,57.9
Guatemala,2012,2006,22.7,18.8,58.5
Guatemala,2012,2007,22.2,19.1,58.7
Guatemala,2012,2008,13.3,25.8,60.9
Guatemala,2012,2015,13.3,23.5,63.2
Guatemala,2012,2014,13.3,23.5,63.2
Guatemala,2012,2016,13.2,23.6,62.9
Guatemala,2012,2017,13.2,23.6,62.8
Guernsey,2012,2002,3,10,87
Guernsey,2012,2000,3,10,87
Guernsey,2012,2003,3,10,87
Guernsey,2012,2004,3,10,87
Guernsey,2012,2005,3,10,87
Guernsey,2012,2006,3,10,87
Guernsey,2012,2007,3,10,87
Guernsey,2012,2008,3,10,87
Guernsey,2012,2015,3,10,87
Guernsey,2012,2016,3,10,87
Guernsey,2012,2017,3,10,87
Guinea,2012,2002,24,38,38
Guinea,2012,2000,24,38,38
Guinea,2012,2003,25,37,38
Guinea,2012,2001,25,37,38
Guinea,2012,2004,24.9,38.2,36.9
Guinea,2012,2005,25,38.2,36.8
Guinea,2012,2006,23.7,36.2,40.1
Guinea,2012,2007,23.2,38.2,38.6
Guinea,2012,2008,23.8,38.6,37.6
Guinea,2012,2015,20.2,44.5,35.3
Guinea,2012,2014,20.2,44.5,35.3
Guinea,2012,2016,19.5,36.8,43.8
Guinea,2012,2017,19.9,37.6,42.5
Guinea-Bissau,2012,2002,54,15,31
Guinea-Bissau,2012,1997,54,15,31
Guinea-Bissau,2012,2003,62,12,26
Guinea-Bissau,2012,1999,62,12,26
Guinea-Bissau,2012,2004,62,12,26
Guinea-Bissau,2012,2005,62,12,26
Guinea-Bissau,2012,2006,62,12,26
Guinea-Bissau,2012,2007,62,12,26
Guinea-Bissau,2012,2008,62,12,26
Guinea-Bissau,2012,2015,45,7.5,47.5
Guinea-Bissau,2012,2014,45,7.5,47.5
Guinea-Bissau,2012,2016,45,13.3,41.7
Guinea-Bissau,2012,2017,44.7,13.2,42.1
Guyana,2012,2002,36,32,32
Guyana,2012,2000,36,32,32
Guyana,2012,2003,35,21,44
Guyana,2012,2004,37.2,22.7,40.1
Guyana,2012,2005,38.3,19.9,41.8
Guyana,2012,2006,37,20.3,42.7
Guyana,2012,2007,34.9,19.4,45.7
Guyana,2012,2008,31.1,21.7,47.1
Guyana,2012,2015,20.3,39.2,40.5
Guyana,2012,2014,20.3,39.2,40.5
Guyana,2012,2016,20.7,30.9,48.4
Guyana,2012,2017,17.4,35.9,46.8
Haiti,2012,2002,30,20,50
Haiti,2012,2001,30,20,50
Haiti,2012,2003,30,20,50
Haiti,2012,2004,30,20,50
Haiti,2012,2005,30,20,50
Haiti,2012,2006,28,20,52
Haiti,2012,2007,28,20,52
Haiti,2012,2008,28,20,52
Haiti,2012,2015,24.7,20,55.3
Haiti,2012,2014,24.7,20,55.3
Haiti,2012,2016,22.2,20.4,57.4
Haiti,2012,2017,22.2,20.3,57.5
Honduras,2012,2002,18,32,50
Honduras,2012,2000,18,32,50
Honduras,2012,2003,14,32,54
Honduras,2012,2004,12.8,31.9,55.3
Honduras,2012,2005,12.7,32.1,55.3
Honduras,2012,2006,13.9,31.2,54.9
Honduras,2012,2007,13.8,31.1,55.1
Honduras,2012,2008,13.4,28.1,58.6
Honduras,2012,2015,14,27.4,58.7
Honduras,2012,2014,14,27.4,58.7
Honduras,2012,2016,13.9,26.6,59.5
Honduras,2012,2017,13.5,28.2,58.3
Hong Kong,2012,2002,0,14,86
Hong Kong,2012,1999,0,14,86
Hong Kong,2012,2003,0.1,13.4,86.5
Hong Kong,2012,2001,0.1,13.4,86.5
Hong Kong,2012,2004,0.1,12.1,87.9
Hong Kong,2012,2005,0.1,11.3,88.6
Hong Kong,2012,2006,0.1,9.2,90.6
Hong Kong,2012,2007,0.1,8.6,91.3
Hong Kong,2012,2008,0.1,8.1,91.7
Hong Kong,2012,2015,0.1,6.6,93.3
Hong Kong,2012,2014,0.1,6.6,93.3
Hong Kong,2012,2016,0.1,7.1,92.8
Hong Kong,2012,2017,0.1,7.2,92.8
Hungary,2012,2002,4,34,62
Hungary,2012,2000,4.1,33.8,62.1
Hungary,2012,2003,4.1,33.8,62.1
Hungary,2012,2004,3.3,32.5,64.2
Hungary,2012,2005,3.3,31.4,65.3
Hungary,2012,2006,3.7,31.2,65.1
Hungary,2012,2007,3.4,31.5,65.1
Hungary,2012,2008,2.8,31.5,65.8
Hungary,2012,2015,3.4,31.1,65.5
Hungary,2012,2014,3.4,31.1,65.5
Hungary,2012,2016,3.6,31.8,64.6
Hungary,2012,2017,4.5,30.4,65.1
Iceland,2012,2002,14,12,21
Iceland,2012,2001,14,12,21
Iceland,2012,2003,14,12,21
Iceland,2012,2004,9.2,12,26.7
Iceland,2012,2005,11.2,9.6,79.2
Iceland,2012,2006,8.6,15,76.5
Iceland,2012,2007,5.6,25,69.4
Iceland,2012,2008,5.2,25.7,69.1
Iceland,2012,2015,6,22.4,71.7
Iceland,2012,2014,6,22.4,71.7
Iceland,2012,2016,5.8,20.7,73.5
Iceland,2012,2017,5.8,20.2,74
India,2012,2002,25,25,50
India,2012,2003,25,25,50
India,2012,2004,23.6,28.4,48
India,2012,2005,23.6,28.4,48
India,2012,2006,18.6,27.6,53.8
India,2012,2007,17.5,27.9,54.6
India,2012,2008,17.8,29.4,52.8
India,2012,2015,17.9,24.2,57.9
India,2012,2014,17,29.7,45
India,2012,2016,17,29.7,45
India,2012,2017,17.4,28.8,46.2
Indonesia,2012,2002,17,41,42
Indonesia,2012,2001,17,41,42
Indonesia,2012,2003,17,41,42
Indonesia,2012,2004,16.6,43.6,39.9
Indonesia,2012,2005,14.6,45,40.4
Indonesia,2012,2006,13.4,45.8,40.8
Indonesia,2012,2007,12.9,47,40.1
Indonesia,2012,2008,13.8,46.7,39.4
Indonesia,2012,2015,14.2,45.5,40.3
Indonesia,2012,2014,14.2,45.5,40.3
Indonesia,2012,2016,14,41.3,44.7
Indonesia,2012,2017,14,40.8,45.3
Iran,2012,2002,19,26,55
Iran,2012,2003,19,26,55
Iran,2012,2004,12.5,41.2,46.2
Iran,2012,2005,11.2,40.9,48.7
Iran,2012,2006,11.6,42.4,46
Iran,2012,2007,11,44.9,44.1
Iran,2012,2008,10.7,42.9,46.5
Iran,2012,2015,9.1,40.7,50.3
Iran,2012,2014,9.1,40.7,50.3
Iran,2012,2016,9.2,38.8,51.9
Iran,2012,2017,9.8,34.3,55.9
Iraq,2012,2002,6,13,81
Iraq,2012,1993,6,13,81
Iraq,2012,2003,6,13,81
Iraq,2012,2004,6,13,81
Iraq,2012,2005,13.6,58.6,27.8
Iraq,2012,2006,7.3,66.6,26.1
Iraq,2012,2007,7.3,66.6,26.1
Iraq,2012,2008,5,68,27
Iraq,2012,2015,3.3,64.5,32.2
Iraq,2012,2014,3.3,64.5,32.2
Iraq,2012,2016,5.3,48.8,45.9
Iraq,2012,2017,5.1,37.3,57.7
Ireland,2012,2002,4,36,60
Ireland,2012,2001,4,36,60
Ireland,2012,2003,5,46,49
Ireland,2012,2004,5,46,49
Ireland,2012,2005,5,46,49
Ireland,2012,2006,5,46,49
Ireland,2012,2007,5,46,49
Ireland,2012,2008,5,46,49
Ireland,2012,2015,1.6,27,71.4
Ireland,2012,2014,1.6,27,71.4
Ireland,2012,2016,1.5,24.9,73.5
Ireland,2012,2017,1,39.3,59.7
Israel,2012,2002,3,30,67
Israel,2012,2001,3,30,67
Israel,2012,2003,3,30,67
Israel,2012,2004,2.8,37.7,59.5
Israel,2012,2005,2.8,37.7,59.5
Israel,2012,2006,2.6,31.7,65.7
Israel,2012,2007,2.5,30.3,67.2
Israel,2012,2008,2.7,30.2,67.1
Israel,2012,2015,2.4,25.7,71.9
Israel,2012,2014,2.4,25.7,71.9
Israel,2012,2016,2.1,27.2,69.1
Israel,2012,2017,2.3,26.4,69.6
Italy,2012,2002,2,30,68
Italy,2012,2001,2.4,30,67.6
Italy,2012,2003,2.4,30,67.6
Italy,2012,2004,2.2,28.9,68.9
Italy,2012,2005,2.3,28.8,68.9
Italy,2012,2006,2.1,29.1,68.8
Italy,2012,2007,1.9,28.9,69.2
Italy,2012,2008,2,27,70.9
Italy,2012,2015,2.2,23.9,73.9
Italy,2012,2014,2.2,23.9,73.9
Italy,2012,2016,2.3,23.7,74
Italy,2012,2017,2.1,24.1,73.8
Jamaica,2012,2002,7,28,65
Jamaica,2012,2000,7,28,65
Jamaica,2012,2003,6,31,63
Jamaica,2012,2004,6.7,37.2,56.2
Jamaica,2012,2005,6.1,32.7,61.3
Jamaica,2012,2006,4.9,33.7,61.5
Jamaica,2012,2007,5.4,33.8,60.8
Jamaica,2012,2008,5.1,32.7,62.2
Jamaica,2012,2015,6.9,21.1,72
Jamaica,2012,2014,6.9,21.1,72
Jamaica,2012,2016,6.6,21.2,72.2
Jamaica,2012,2017,7.2,21.3,71.4
Japan,2012,2002,1,31,68
Japan,2012,2001,1.4,30.9,67.7
Japan,2012,2003,1.4,30.9,67.7
Japan,2012,2004,1.3,25.4,73.3
Japan,2012,2005,1.3,24.7,74.1
Japan,2012,2006,1.7,25.8,72.5
Japan,2012,2007,1.5,25.6,73
Japan,2012,2008,1.4,26.5,72
Japan,2012,2015,1.2,24.5,74.3
Japan,2012,2013,1.2,24.5,74.3
Japan,2012,2016,1.2,27.5,71.3
Japan,2012,2017,1.1,29.6,69.4
Jersey,2012,2002,5,2,93
Jersey,2012,1996,5,2,93
Jersey,2012,2003,5,2,93
Jersey,2012,2004,5,2,93
Jersey,2012,2005,5,2,93
Jersey,2012,2006,5,2,93
Jersey,2012,2007,1,2,97
Jersey,2012,2008,1,2,97
Jersey,2012,2015,2,2,96
Jersey,2012,2010,2,2,96
Jersey,2012,2016,2,2,96
Jersey,2012,2017,2,2,96
Jordan,2012,2002,4,26,70
Jordan,2012,2001,3.7,26,70.3
Jordan,2012,2003,3.7,26,70.3
Jordan,2012,2004,3.6,29,67.4
Jordan,2012,2005,2.4,26,71.5
Jordan,2012,2006,3.3,28.7,68
Jordan,2012,2007,3.9,10.3,85.8
Jordan,2012,2008,3.5,10.3,86.2
Jordan,2012,2015,3.2,29.3,67.4
Jordan,2012,2014,3.2,29.3,67.4
Jordan,2012,2016,4.2,29.6,66.2
Jordan,2012,2017,4.3,28.9,66.8
Kazakhstan,2012,2002,10,30,60
Kazakhstan,2012,2000,10,30,60
Kazakhstan,2012,2003,9,40,51
Kazakhstan,2012,2004,7.7,37.7,54.6
Kazakhstan,2012,2005,7.4,37.8,54.8
Kazakhstan,2012,2006,6.7,38.6,54.7
Kazakhstan,2012,2007,5.7,39.8,54.4
Kazakhstan,2012,2008,5.8,39.4,54.8
Kazakhstan,2012,2015,4.9,29.5,65.6
Kazakhstan,2012,2014,4.9,29.5,65.6
Kazakhstan,2012,2016,5,32.5,62.5
Kazakhstan,2012,2017,4.8,33.9,61.3
Kenya,2012,2002,24,13,63
Kenya,2012,2000,24,13,63
Kenya,2012,2003,24,13,63
Kenya,2012,2001,24,13,63
Kenya,2012,2004,19.7,18.6,61.8
Kenya,2012,2005,19.3,18.5,62.4
Kenya,2012,2006,16.3,18.8,65.1
Kenya,2012,2007,24,16.7,59.2
Kenya,2012,2008,23.8,16.7,59.5
Kenya,2012,2015,29.3,17.7,53
Kenya,2012,2014,29.3,17.7,53
Kenya,2012,2016,32.9,17.8,49.2
Kenya,2012,2017,35.6,17.2,47.3
Kiribati,2012,2002,30,7,63
Kiribati,2012,1998,8.9,24.2,66.8
Kiribati,2012,2003,30,7,63
Kiribati,2012,2004,30,7,63
Kiribati,2012,2005,30,7,63
Kiribati,2012,2006,8.9,24.2,66.8
Kiribati,2012,2007,8.9,24.2,66.8
Kiribati,2012,2008,8.9,24.2,66.8
Kiribati,2012,2015,26.3,9.2,64.5
Kiribati,2012,2012,26.3,9.2,64.5
Kiribati,2012,2016,26.3,9.2,64.5
Kiribati,2012,2017,26.3,9.2,64.5
Korea North,2012,2002,30,32,37
Korea North,2012,2000,30.4,32.3,37.3
Korea North,2012,2003,30.4,32.3,37.3
Korea North,2012,2004,30.2,33.8,36
Korea North,2012,2005,30.2,33.8,36
Korea North,2012,2006,30,34,36
Korea North,2012,2007,30,34,36
Korea North,2012,2008,23.3,43.1,33.6
Korea North,2012,2015,22.4,47.6,30
Korea North,2012,2013,22.4,47.6,30
Korea North,2012,2016,25.2,40.9,33.9
Korea North,2012,2017,25.3,41.1,33.6
Korea South,2012,2002,4,42,54
Korea South,2012,2003,4.4,41.6,54
Korea South,2012,2001,4.4,41.6,54
Korea South,2012,2004,3.6,36.4,60
