Afghanistan,2097,2002,12.13,0.22,87.65
Afghanistan,2097,1998,12.13,0.22,87.65
Afghanistan,2097,2003,12.13,0.22,87.65
Afghanistan,2097,2004,12.13,0.22,87.65
Afghanistan,2097,2001,12.13,0.22,87.65
Afghanistan,2097,2005,12.13,0.22,87.65
Afghanistan,2097,2006,12.13,0.21,87.66
Afghanistan,2097,2007,12.13,0.21,87.66
Afghanistan,2097,2008,12.13,0.21,87.66
Afghanistan,2097,2015,58.1,2.1,39.8
Afghanistan,2097,2011,58.1,2.1,39.8
Afghanistan,2097,2016,58.1,2.1,39.8
Afghanistan,2097,2017,58.07,2.07,39.86
Afghanistan,2097,2014,58.07,2.07,39.86
Albania,2097,2002,21.09,4.45,74.46
Albania,2097,1998,21.09,4.45,74.46
Albania,2097,2003,21.09,4.45,74.46
Albania,2097,2004,21.09,4.42,74.49
Albania,2097,2001,21.09,4.42,74.49
Albania,2097,2005,21.09,4.42,74.49
Albania,2097,2006,20.1,4.21,75.69
Albania,2097,2007,20.1,4.21,75.69
Albania,2097,2008,20.1,4.21,75.69
Albania,2097,2015,43.8,28.3,27.9
Albania,2097,2011,43.8,28.3,27.9
Albania,2097,2016,43.8,28.3,27.9
Albania,2097,2017,42.86,28.19,28.95
Albania,2097,2014,42.86,28.19,28.95
Algeria,2097,2002,3.21,0.21,96.58
Algeria,2097,1998,3.21,0.21,96.58
Algeria,2097,2003,3.21,0.21,96.58
Algeria,2097,2004,3.22,0.25,96.53
Algeria,2097,2001,3.22,0.25,96.53
Algeria,2097,2005,3.22,0.25,96.53
Algeria,2097,2006,3.17,0.28,96.55
Algeria,2097,2007,3.17,0.28,96.55
Algeria,2097,2008,3.17,0.28,96.55
Algeria,2097,2015,17.3,0.6,82
Algeria,2097,2011,17.3,0.6,82
Algeria,2097,2016,17.3,0.6,82
Algeria,2097,2017,17.4,0.82,81.8
Algeria,2097,2014,17.4,0.82,81.8
American Samoa,2097,2002,5,10,85
American Samoa,2097,1998,5,10,85
American Samoa,2097,2003,5,10,85
American Samoa,2097,2004,10,15,75
American Samoa,2097,2001,10,15,75
American Samoa,2097,2005,10,15,75
American Samoa,2097,2006,10,15,75
American Samoa,2097,2007,10,15,75
American Samoa,2097,2008,10,15,75
American Samoa,2097,2015,21.7,78.3,0
American Samoa,2097,2011,21.7,78.3,0
American Samoa,2097,2016,21.7,78.3,0
American Samoa,2097,2017,24.5,87.9,0
American Samoa,2097,2014,24.5,87.9,0
Andorra,2097,2002,2.22,0,97.78
Andorra,2097,1998,2.22,0,97.78
Andorra,2097,2003,2.22,0,97.78
Andorra,2097,2004,2.22,0,97.78
Andorra,2097,2001,2.22,0,97.78
Andorra,2097,2005,2.22,0,97.78
Andorra,2097,2006,2.13,0,97.87
Andorra,2097,2007,2.13,0,97.87
Andorra,2097,2008,2.13,0,97.87
Andorra,2097,2015,43.4,34,22.6
Andorra,2097,2011,43.4,34,22.6
Andorra,2097,2016,43.4,34,22.6
Andorra,2097,2017,44.47,34,21.5
Andorra,2097,2014,44.47,34,21.5
Angola,2097,2002,2.41,0.4,97.19
Angola,2097,1998,2.41,0.4,97.19
Angola,2097,2003,2.41,0.4,97.19
Angola,2097,2004,2.41,0.24,97.35
Angola,2097,2001,2.41,0.24,97.35
Angola,2097,2005,2.41,0.24,97.35
Angola,2097,2006,2.65,0.23,97.12
Angola,2097,2007,2.65,0.23,97.12
Angola,2097,2008,2.65,0.23,97.12
Angola,2097,2015,47.3,46.8,5.9
Angola,2097,2011,47.3,46.8,5.9
Angola,2097,2016,47.3,46.8,5.9
Angola,2097,2017,47.5,46.5,6
Angola,2097,2014,47.5,46.5,6
Anguilla,2097,2002,0,0,100
Anguilla,2097,1998,0,0,100
Anguilla,2097,2003,0,0,100
Anguilla,2097,2004,0,0,100
Anguilla,2097,2001,0,0,100
Anguilla,2097,2005,0,0,100
Anguilla,2097,2006,0,0,100
Anguilla,2097,2007,0,0,100
Anguilla,2097,2008,0,0,100
Anguilla,2097,2015,0,61.1,38.9
Anguilla,2097,2011,0,61.1,38.9
Anguilla,2097,2016,0,61.1,38.9
Anguilla,2097,2017,0,61.1,38.9
Antigua And Barbuda,2097,2002,18.18,0,81.82
Antigua And Barbuda,2097,1998,18.18,0,81.82
Antigua And Barbuda,2097,2003,18.18,0,81.82
Antigua And Barbuda,2097,2004,18.18,4.55,77.27
Antigua And Barbuda,2097,2001,18.18,4.55,77.27
Antigua And Barbuda,2097,2005,18.18,4.55,77.27
Antigua And Barbuda,2097,2006,18.18,4.55,77.27
Antigua And Barbuda,2097,2007,18.18,4.55,77.27
Antigua And Barbuda,2097,2008,18.18,4.55,77.27
Antigua And Barbuda,2097,2015,20.5,22.3,57.2
Antigua And Barbuda,2097,2011,20.5,22.3,57.2
Antigua And Barbuda,2097,2016,20.5,22.3,57.2
Antigua And Barbuda,2097,2017,20.5,22.3,57.2
Argentina,2097,2002,9.14,0.8,90.06
Argentina,2097,1998,9.14,0.8,90.06
Argentina,2097,2003,9.14,0.8,90.06
Argentina,2097,2004,12.31,0.48,87.21
Argentina,2097,2001,12.31,0.48,87.21
Argentina,2097,2005,12.31,0.48,87.21
Argentina,2097,2006,10.03,0.36,89.61
Argentina,2097,2007,10.03,0.36,89.61
Argentina,2097,2008,10.03,0.36,89.61
Argentina,2097,2015,53.9,10.7,35.4
Argentina,2097,2011,53.9,10.7,35.4
Argentina,2097,2016,53.9,10.7,35.4
Argentina,2097,2017,53.9,10.7,35.4
Armenia,2097,2002,17.52,2.3,80.18
Armenia,2097,1998,17.52,2.3,80.18
Armenia,2097,2003,17.52,2.3,80.18
Armenia,2097,2004,17.55,2.3,80.15
Armenia,2097,2001,17.55,2.3,80.15
Armenia,2097,2005,17.55,2.3,80.15
Armenia,2097,2006,16.78,2.01,81.21
Armenia,2097,2007,16.78,2.01,81.21
Armenia,2097,2008,16.78,2.01,81.21
Armenia,2097,2015,59.7,9.1,31.2
Armenia,2097,2011,59.7,9.1,31.2
Armenia,2097,2016,59.7,9.1,31.2
Armenia,2097,2017,59.7,9.1,31.2
Aruba,2097,2002,10.53,0.01,0
Aruba,2097,1998,10.53,0.01,0
Aruba,2097,2003,10.53,0.01,0
Aruba,2097,2004,10.53,0.01,0
Aruba,2097,2001,10.53,0.01,0
Aruba,2097,2005,10.53,0.01,0
Aruba,2097,2006,10.53,0,89.47
Aruba,2097,2007,10.53,0,89.47
Aruba,2097,2008,10.53,0,89.47
Aruba,2097,2015,11.1,2.3,86.6
Aruba,2097,2011,11.1,2.3,86.6
Aruba,2097,2016,11.1,2.3,86.6
Aruba,2097,2017,11.1,2.3,86.6
Ashmore And Cartier Islands,2097,2002,0,0,100
Ashmore And Cartier Islands,2097,1998,0,0,100
Ashmore And Cartier Islands,2097,2003,0,0,100
Ashmore And Cartier Islands,2097,2004,0,0,100
Ashmore And Cartier Islands,2097,2001,0,0,100
Ashmore And Cartier Islands,2097,2005,0,0,100
Ashmore And Cartier Islands,2097,2006,0,0,100
Ashmore And Cartier Islands,2097,2007,0,0,100
Ashmore And Cartier Islands,2097,2008,0,0,100
Ashmore And Cartier Islands,2097,2015,0,0,100
Ashmore And Cartier Islands,2097,2011,0,0,100
Ashmore And Cartier Islands,2097,2016,0,0,100
Ashmore And Cartier Islands,2097,2017,0,0,100
Australia,2097,2002,6.88,0.03,93.09
Australia,2097,1998,6.88,0.03,93.09
Australia,2097,2003,6.88,0.03,93.09
Australia,2097,2004,6.55,27000000.0,0.04
Australia,2097,2001,6.55,27000000.0,0.04
Australia,2097,2005,6.55,27000000.0,0.04
Australia,2097,2006,6.15,27000000.0,0.04
Australia,2097,2007,6.15,27000000.0,0.04
Australia,2097,2008,6.15,27000000.0,0.04
Australia,2097,2015,53.4,19.3,27.3
Australia,2097,2011,53.4,19.3,27.3
Australia,2097,2016,53.4,19.3,27.3
Australia,2097,2017,53.4,19.3,27.3
Austria,2097,2002,16.89,0.99,82.12
Austria,2097,1998,16.89,0.99,82.12
Austria,2097,2003,16.89,0.99,82.12
Austria,2097,2004,16.91,0.86,82.23
Austria,2097,2001,16.91,0.86,82.23
Austria,2097,2005,16.91,0.86,82.23
Austria,2097,2006,16.59,0.85,82.56
Austria,2097,2007,16.59,0.85,82.56
Austria,2097,2008,16.59,0.85,82.56
Austria,2097,2015,38.4,47.2,14.4
Austria,2097,2011,38.4,47.2,14.4
Austria,2097,2016,38.4,47.2,14.4
Austria,2097,2017,38.4,47.2,14.4
Azerbaijan,2097,2002,19.31,3.04,77.65
Azerbaijan,2097,1998,19.31,3.04,77.65
Azerbaijan,2097,2003,19.31,3.04,77.65
Azerbaijan,2097,2004,19.63,2.71,77.66
Azerbaijan,2097,2001,19.63,2.71,77.66
Azerbaijan,2097,2005,19.63,2.71,77.66
Azerbaijan,2097,2006,20.62,2.61,76.77
Azerbaijan,2097,2007,20.62,2.61,76.77
Azerbaijan,2097,2008,20.62,2.61,76.77
Azerbaijan,2097,2015,57.6,11.3,31.1
Azerbaijan,2097,2011,57.6,11.3,31.1
Azerbaijan,2097,2016,57.6,11.3,31.1
Azerbaijan,2097,2017,57.6,11.3,31.1
Bahamas The,2097,2002,0.6,0.4,99
Bahamas The,2097,1998,0.6,0.4,99
Bahamas The,2097,2003,0.6,0.4,99
Bahamas The,2097,2004,0.8,0.4,98.8
Bahamas The,2097,2001,0.8,0.4,98.8
Bahamas The,2097,2005,0.8,0.4,98.8
Bahamas The,2097,2006,0.58,0.29,99.13
Bahamas The,2097,2007,0.58,0.29,99.13
Bahamas The,2097,2008,0.58,0.29,99.13
Bahamas The,2097,2015,1.4,51.4,47.2
Bahamas The,2097,2011,1.4,51.4,47.2
Bahamas The,2097,2016,1.4,51.4,47.2
Bahamas The,2097,2017,1.4,51.4,47.2
Bahrain,2097,2002,4.35,4.35,91.3
Bahrain,2097,1998,4.35,4.35,91.3
Bahrain,2097,2003,4.35,4.35,91.3
Bahrain,2097,2004,2.82,5.63,91.55
Bahrain,2097,2001,2.82,5.63,91.55
Bahrain,2097,2005,2.82,5.63,91.55
Bahrain,2097,2006,2.82,5.63,91.55
Bahrain,2097,2007,2.82,5.63,91.55
Bahrain,2097,2008,2.82,5.63,91.55
Bahrain,2097,2015,11.3,0.7,88
Bahrain,2097,2011,11.3,0.7,88
Bahrain,2097,2016,11.3,0.7,88
Bahrain,2097,2017,11.3,0.7,88
Baker Island,2097,2002,0,0,100
Baker Island,2097,1998,0,0,100
Baker Island,2097,2003,0,0,100
Baker Island,2097,2004,0,0,100
Baker Island,2097,2001,0,0,100
Baker Island,2097,2005,0,0,100
Baker Island,2097,2006,0,0,100
Baker Island,2097,2007,0,0,100
Bangladesh,2097,2002,60.7,2.61,36.69
Bangladesh,2097,1998,60.7,2.61,36.69
Bangladesh,2097,2003,60.7,2.61,36.69
Bangladesh,2097,2004,62.11,3.07,34.82
Bangladesh,2097,2001,62.11,3.07,34.82
Bangladesh,2097,2005,62.11,3.07,34.82
Bangladesh,2097,2006,55.39,3.08,41.53
Bangladesh,2097,2007,55.39,3.08,41.53
Bangladesh,2097,2008,55.39,3.08,41.53
Bangladesh,2097,2015,70.1,11.1,18.8
Bangladesh,2097,2011,70.1,11.1,18.8
Bangladesh,2097,2016,70.1,11.1,18.8
Bangladesh,2097,2017,70.1,11.1,18.8
Barbados,2097,2002,37.21,2.33,60.46
Barbados,2097,1998,37.21,2.33,60.46
Barbados,2097,2003,37.21,2.33,60.46
Barbados,2097,2004,37.21,2.33,60.46
Barbados,2097,2001,37.21,2.33,60.46
Barbados,2097,2005,37.21,2.33,60.46
Barbados,2097,2006,37.21,2.33,60.46
Barbados,2097,2007,37.21,2.33,60.46
Barbados,2097,2008,37.21,2.33,60.46
Barbados,2097,2015,32.6,19.4,48
Barbados,2097,2011,32.6,19.4,48
Barbados,2097,2016,32.6,19.4,48
Barbados,2097,2017,32.6,19.4,48
Bassas Da India,2097,2002,0,0,100
Bassas Da India,2097,1998,0,0,100
Bassas Da India,2097,2003,0,0,100
Bassas Da India,2097,2004,0,0,100
Bassas Da India,2097,2001,0,0,100
Bassas Da India,2097,2005,0,0,100
Bassas Da India,2097,2006,0,0,100
Belarus,2097,2002,29.76,0.69,69.55
Belarus,2097,1998,29.76,0.69,69.55
Belarus,2097,2003,29.76,0.69,69.55
Belarus,2097,2004,29.55,0.6,69.85
Belarus,2097,2001,29.55,0.6,69.85
Belarus,2097,2005,29.55,0.6,69.85
Belarus,2097,2006,26.77,0.6,72.63
Belarus,2097,2007,26.77,0.6,72.63
Belarus,2097,2008,26.77,0.6,72.63
Belarus,2097,2015,43.7,42.7,13.6
Belarus,2097,2011,43.7,42.7,13.6
Belarus,2097,2016,43.7,42.7,13.6
Belarus,2097,2017,43.7,42.7,13.6
Belgium,2097,2002,25,0,75
Belgium,2097,1998,25,0,75
Belgium,2097,2003,25,0,75
Belgium,2097,2004,23.28,0.4,76.32
Belgium,2097,2001,23.28,0.4,76.32
Belgium,2097,2005,23.28,0.4,76.32
Belgium,2097,2006,27.42,0.69,71.89
Belgium,2097,2007,27.42,0.69,71.89
Belgium,2097,2008,27.42,0.69,71.89
Belgium,2097,2015,44.1,22.4,33.5
Belgium,2097,2011,44.1,22.4,33.5
Belgium,2097,2016,44.1,22.4,33.5
Belgium,2097,2017,44.1,22.4,33.5
Belize,2097,2002,2.81,1.1,96.09
Belize,2097,1998,2.81,1.1,96.09
Belize,2097,2003,2.81,1.1,96.09
Belize,2097,2004,2.85,1.71,95.44
Belize,2097,2001,2.85,1.71,95.44
Belize,2097,2005,2.85,1.71,95.44
Belize,2097,2006,3.05,1.39,95.56
Belize,2097,2007,3.05,1.39,95.56
Belize,2097,2008,3.05,1.39,95.56
Belize,2097,2015,6.9,60.6,32.5
Belize,2097,2011,6.9,60.6,32.5
Belize,2097,2016,6.9,60.6,32.5
Belize,2097,2017,6.9,60.6,32.5
Benin,2097,2002,15.28,1.36,83.36
Benin,2097,1998,15.28,1.36,83.36
Benin,2097,2003,15.28,1.36,83.36
Benin,2097,2004,18.08,2.4,79.52
Benin,2097,2001,18.08,2.4,79.52
Benin,2097,2005,18.08,2.4,79.52
Benin,2097,2006,23.53,2.37,74.1
Benin,2097,2007,23.53,2.37,74.1
Benin,2097,2008,23.53,2.37,74.1
Benin,2097,2015,31.3,40,28.7
Benin,2097,2011,31.3,40,28.7
Benin,2097,2016,31.3,40,28.7
Benin,2097,2017,31.3,40,28.7
Bermuda,2097,2015,14.8,20,65.2
Bermuda,2097,2011,14.8,20,65.2
Bermuda,2097,2016,14.8,20,65.2
Bermuda,2097,2017,14.8,20,65.2
Bhutan,2097,2002,2.98,0.43,96.59
Bhutan,2097,1998,2.98,0.43,96.59
Bhutan,2097,2003,2.98,0.43,96.59
Bhutan,2097,2004,3.09,0.43,96.48
Bhutan,2097,2001,3.09,0.43,96.48
Bhutan,2097,2005,3.09,0.43,96.48
Bhutan,2097,2006,2.3,0.43,97.27
Bhutan,2097,2007,2.3,0.43,97.27
Bhutan,2097,2008,2.3,0.43,97.27
Bhutan,2097,2015,13.6,85.5,0.9
Bhutan,2097,2011,13.6,85.5,0.9
Bhutan,2097,2016,13.6,85.5,0.9
Bhutan,2097,2017,13.6,85.5,0.9
Bolivia,2097,2002,1.73,0.21,98.06
Bolivia,2097,1998,1.73,0.21,98.06
Bolivia,2097,2003,1.73,0.21,98.06
Bolivia,2097,2004,2.67,0.19,97.54
Bolivia,2097,2001,2.67,0.19,97.14
Bolivia,2097,2005,2.67,0.19,97.14
Bolivia,2097,2006,2.78,0.19,97.03
Bolivia,2097,2007,2.78,0.19,97.03
Bolivia,2097,2008,2.78,0.19,97.03
Bolivia,2097,2015,34.3,52.5,13.2
Bolivia,2097,2011,34.3,52.5,13.2
Bolivia,2097,2016,34.3,52.5,13.2
Bolivia,2097,2017,34.3,52.5,13.2
Bosnia And Herzegovina,2097,2002,9.8,2.94,87.26
Bosnia And Herzegovina,2097,1998,9.8,2.94,87.26
Bosnia And Herzegovina,2097,2003,9.8,2.94,87.26
Bosnia And Herzegovina,2097,2004,13.6,2.96,83.44
Bosnia And Herzegovina,2097,2001,13.6,2.96,83.44
Bosnia And Herzegovina,2097,2005,13.6,2.96,83.44
Bosnia And Herzegovina,2097,2006,19.61,1.89,78.5
Bosnia And Herzegovina,2097,2007,19.61,1.89,78.5
Bosnia And Herzegovina,2097,2008,19.61,1.89,78.5
Bosnia And Herzegovina,2097,2015,42.2,42.8,15
Bosnia And Herzegovina,2097,2011,42.2,42.8,15
Bosnia And Herzegovina,2097,2016,42.2,42.8,15
Bosnia And Herzegovina,2097,2017,42.2,42.8,15
Botswana,2097,2002,0.61,0.01,99.38
Botswana,2097,1998,0.61,0.01,99.38
Botswana,2097,2003,0.61,0.01,99.38
Botswana,2097,2004,0.65,0.01,99.34
Botswana,2097,2001,0.65,0.01,99.34
Botswana,2097,2005,0.65,0.01,99.34
Botswana,2097,2006,0.65,0.01,99.34
Botswana,2097,2007,0.65,0.01,99.34
Botswana,2097,2008,0.65,0.01,99.34
Botswana,2097,2015,45.8,19.8,34.4
Botswana,2097,2011,45.8,19.8,34.4
Botswana,2097,2016,45.8,19.8,34.4
Botswana,2097,2017,45.8,19.8,34.4
Bouvet Island,2097,2002,0,0,100
Bouvet Island,2097,1998,0,0,100
Bouvet Island,2097,2003,0,0,100
Bouvet Island,2097,2004,0,0,100
Bouvet Island,2097,2001,0,0,100
Bouvet Island,2097,2005,0,0,100
Bouvet Island,2097,2006,0,0,100
Bouvet Island,2097,2007,0,0,100
Bouvet Island,2097,2008,0,0,100
Bouvet Island,2097,2015,0,0,100
Bouvet Island,2097,2011,0,0,100
Bouvet Island,2097,2016,0,0,100
Bouvet Island,2097,2017,0,0,100
Brazil,2097,2002,6.3,1.42,92.28
Brazil,2097,1998,6.3,1.42,92.28
Brazil,2097,2003,6.3,1.42,92.28
Brazil,2097,2004,6.96,0.9,92.15
Brazil,2097,2001,6.96,0.9,92.15
Brazil,2097,2005,6.96,0.9,92.15
Brazil,2097,2006,6.93,0.89,92.18
Brazil,2097,2007,6.93,0.89,92.18
Brazil,2097,2008,6.93,0.89,92.18
Brazil,2097,2015,32.9,61.9,5.2
Brazil,2097,2011,32.9,61.9,5.2
Brazil,2097,2016,32.9,61.9,5.2
Brazil,2097,2017,32.9,61.9,5.2
British Indian Ocean Territory,2097,2002,0,100
British Indian Ocean Territory,2097,1998,0,100
British Indian Ocean Territory,2097,2003,0,100
British Indian Ocean Territory,2097,2004,0,0,100
British Indian Ocean Territory,2097,2001,0,0,100
British Indian Ocean Territory,2097,2005,0,0,100
British Indian Ocean Territory,2097,2006,0,0,100
British Indian Ocean Territory,2097,2007,0,0,100
British Indian Ocean Territory,2097,2008,0,0,100
British Indian Ocean Territory,2097,2015,0,0,100
British Indian Ocean Territory,2097,2011,0,0,100
British Indian Ocean Territory,2097,2016,0,0,100
British Indian Ocean Territory,2097,2017,0,0,100
British Virgin Islands,2097,2002,20,6.67,73.33
British Virgin Islands,2097,1998,20,6.67,73.33
British Virgin Islands,2097,2003,20,6.67,73.33
British Virgin Islands,2097,2004,20,6.67,73.33
British Virgin Islands,2097,2001,20,6.67,73.33
British Virgin Islands,2097,2005,20,6.67,73.33
British Virgin Islands,2097,2006,20,6.67,73.33
British Virgin Islands,2097,2007,20,6.67,73.33
British Virgin Islands,2097,2008,20,6.67,73.33
British Virgin Islands,2097,2015,46.7,24.3,29
British Virgin Islands,2097,2011,46.7,24.3,29
British Virgin Islands,2097,2016,46.7,24.3,29
British Virgin Islands,2097,2017,46.7,24.3,29
Brunei,2097,2002,0.57,0.76,98.67
Brunei,2097,1998,0.57,0.76,98.67
Brunei,2097,2003,0.57,0.76,98.67
Brunei,2097,2004,0.57,0.76,98.67
Brunei,2097,2001,0.57,0.76,98.67
Brunei,2097,2005,0.57,0.76,98.67
Brunei,2097,2006,2.08,0.87,97.05
Brunei,2097,2007,2.08,0.87,97.05
Brunei,2097,2008,2.08,0.87,97.05
Brunei,2097,2015,2.5,71.8,25.7
Brunei,2097,2011,2.5,71.8,25.7
Brunei,2097,2016,2.5,71.8,25.7
Brunei,2097,2017,2.5,71.8,25.7
Bulgaria,2097,2002,39,1.8,59.2
Bulgaria,2097,1998,39,1.8,59.2
Bulgaria,2097,2003,39,1.8,59.2
Bulgaria,2097,2004,40.02,1.92,58.06
Bulgaria,2097,2001,40.02,1.92,58.06
Bulgaria,2097,2005,40.02,1.92,58.06
Bulgaria,2097,2006,29.94,1.9,68.16
Bulgaria,2097,2007,29.94,1.9,68.16
Bulgaria,2097,2008,29.94,1.9,68.16
Bulgaria,2097,2015,46.9,36.7,16.4
Bulgaria,2097,2011,46.9,36.7,16.4
Bulgaria,2097,2016,46.9,36.7,16.4
Bulgaria,2097,2017,46.9,36.7,16.4
Burkina Faso,2097,2002,12.43,0.18,87.39
Burkina Faso,2097,1998,12.43,0.18,87.39
Burkina Faso,2097,2003,12.43,0.18,87.39
Burkina Faso,2097,2004,14.43,0.19,85.38
Burkina Faso,2097,2001,14.43,0.19,85.38
Burkina Faso,2097,2005,14.43,0.19,85.38
Burkina Faso,2097,2006,17.66,0.22,82.12
Burkina Faso,2097,2007,17.66,0.22,82.12
Burkina Faso,2097,2008,17.66,0.22,82.12
Burkina Faso,2097,2015,43,20.4,36.6
Burkina Faso,2097,2011,43,20.4,36.6
Burkina Faso,2097,2016,43,20.4,36.6
Burkina Faso,2097,2017,43,20.4,36.6
Burma,2097,2002,14.53,0.9,84.57
Burma,2097,1998,14.53,0.9,84.57
Burma,2097,2003,14.53,0.9,84.57
Burma,2097,2004,15.19,0.97,83.84
Burma,2097,2001,15.19,0.97,83.84
Burma,2097,2005,15.19,0.97,83.84
Burma,2097,2006,14.92,1.31,83.77
Burma,2097,2007,14.92,1.31,83.77
Burma,2097,2008,14.92,1.31,83.77
Burma,2097,2015,19.2,48.2,32.6
Burma,2097,2011,19.2,48.2,32.6
Burma,2097,2016,19.2,48.2,32.6
Burma,2097,2017,19.2,48.2,32.6
Burundi,2097,2002,29.98,12.85,57.17
Burundi,2097,1998,29.98,12.85,57.17
Burundi,2097,2003,29.98,12.85,57.17
Burundi,2097,2004,35.05,14.02,50.93
Burundi,2097,2001,35.05,14.02,50.93
Burundi,2097,2005,35.05,14.02,50.93
Burundi,2097,2006,35.57,13.12,51.31
Burundi,2097,2007,35.57,13.12,51.31
Burundi,2097,2008,35.57,13.12,51.31
Burundi,2097,2015,73.3,6.6,20.1
Burundi,2097,2011,73.3,6.6,20.1
Burundi,2097,2016,73.3,6.6,20.1
Burundi,2097,2017,73.3,6.6,20.1
Cambodia,2097,2002,20.96,0.61,78.43
Cambodia,2097,1998,20.96,0.61,78.43
Cambodia,2097,2003,20.96,0.61,78.43
Cambodia,2097,2004,20.96,0.61,78.43
Cambodia,2097,2001,20.96,0.61,78.43
Cambodia,2097,2005,20.96,0.61,78.43
Cambodia,2097,2006,20.44,0.59,78.97
Cambodia,2097,2007,20.44,0.59,78.97
Cambodia,2097,2008,20.44,0.59,78.97
Cambodia,2097,2015,32.1,56.5,11.4
Cambodia,2097,2011,32.1,56.5,11.4
Cambodia,2097,2016,32.1,56.5,11.4
Cambodia,2097,2017,32.1,56.5,11.4
Cameroon,2097,2002,12.81,2.58,84.61
Cameroon,2097,1998,12.81,2.58,84.61
Cameroon,2097,2003,12.81,2.58,84.61
Cameroon,2097,2004,12.81,2.58,84.61
Cameroon,2097,2001,12.81,2.58,84.61
Cameroon,2097,2005,12.81,2.58,84.61
Cameroon,2097,2006,12.54,2.52,84.94
Cameroon,2097,2007,12.54,2.52,84.94
Cameroon,2097,2008,12.54,2.52,84.94
Cameroon,2097,2015,20.6,41.7,37.7
Cameroon,2097,2011,20.6,41.7,37.7
Cameroon,2097,2016,20.6,41.7,37.7
Cameroon,2097,2017,20.6,41.7,37.7
Canada,2097,2002,4.94,0.02,95.04
Canada,2097,1998,4.94,0.02,95.04
Canada,2097,2003,4.94,0.02,95.04
Canada,2097,2004,4.96,0.02,95.02
Canada,2097,2001,4.96,0.02,95.02
Canada,2097,2005,4.96,0.02,95.02
Canada,2097,2006,4.57,0.65,94.78
Canada,2097,2007,4.57,0.65,94.78
Canada,2097,2008,4.57,0.65,94.78
Canada,2097,2015,6.8,34.1,59.1
Canada,2097,2011,6.8,34.1,59.1
Canada,2097,2016,6.8,34.1,59.1
Canada,2097,2017,6.8,34.1,59.1
Cape Verde,2097,2002,9.68,0.5,89.82
Cape Verde,2097,1998,9.68,0.5,89.82
Cape Verde,2097,2003,9.68,0.5,89.82
Cape Verde,2097,2004,9.68,0.5,89.82
Cape Verde,2097,2001,9.68,0.5,89.82
Cape Verde,2097,2005,9.68,0.5,89.82
Cape Verde,2097,2006,11.41,0.74,87.85
Cape Verde,2097,2007,11.41,0.74,87.85
Cape Verde,2097,2008,11.41,0.74,87.85
Cayman Islands,2097,2002,0,0,100
Cayman Islands,2097,1998,0,0,100
Cayman Islands,2097,2003,0,0,100
Cayman Islands,2097,2004,3.85,0,96.15
Cayman Islands,2097,2001,3.85,0,96.15
Cayman Islands,2097,2005,3.85,0,96.15
Cayman Islands,2097,2006,3.85,0,96.15
Cayman Islands,2097,2007,3.85,0,96.15
Cayman Islands,2097,2008,3.85,0,96.15
Cayman Islands,2097,2015,11.2,52.9,35.9
Cayman Islands,2097,2011,11.2,52.9,35.9
Cayman Islands,2097,2016,11.2,52.9,35.9
Cayman Islands,2097,2017,11.2,52.9,35.9
Central African Republic,2097,2002,3.1,0.14,96.76
Central African Republic,2097,1998,3.1,0.14,96.76
Central African Republic,2097,2003,3.1,0.14,96.76
Central African Republic,2097,2004,3.1,0.14,96.76
Central African Republic,2097,2001,3.1,0.14,96.76
Central African Republic,2097,2005,3.1,0.14,96.76
Central African Republic,2097,2006,3.1,0.15,96.75
Central African Republic,2097,2007,3.1,0.15,96.75
Central African Republic,2097,2008,3.1,0.15,96.75
Central African Republic,2097,2015,8.1,36.2,55.7
Central African Republic,2097,2011,8.1,36.2,55.7
Central African Republic,2097,2016,8.1,36.2,55.7
Central African Republic,2097,2017,8.1,36.2,55.7
Chad,2097,2002,2.78,0.02,97.2
Chad,2097,1998,2.78,0.02,97.2
Chad,2097,2003,2.78,0.02,97.2
Chad,2097,2004,2.86,0.02,97.12
Chad,2097,2001,2.86,0.02,97.12
Chad,2097,2005,2.86,0.02,97.12
Chad,2097,2006,2.8,0.02,97.18
Chad,2097,2007,2.8,0.02,97.18
Chad,2097,2008,2.8,0.02,97.18
Chad,2097,2015,39.6,9.1,51.3
Chad,2097,2011,39.6,9.1,51.3
Chad,2097,2016,39.6,9.1,51.3
Chad,2097,2017,39.6,9.1,51.3
Chile,2097,2002,2.65,0.42,96.93
Chile,2097,1998,2.65,0.42,96.93
Chile,2097,2003,2.65,0.42,96.93
Chile,2097,2004,2.65,0.42,96.93
Chile,2097,2001,2.65,0.42,96.93
Chile,2097,2005,2.65,0.42,96.93
Chile,2097,2006,2.62,0.43,96.95
Chile,2097,2007,2.62,0.43,96.95
Chile,2097,2008,2.62,0.43,96.95
Chile,2097,2015,21.1,21.9,57
Chile,2097,2011,21.1,21.9,57
Chile,2097,2016,21.1,21.9,57
Chile,2097,2017,21.1,21.9,57
China,2097,2002,13.31,1.2,85.49
China,2097,1998,13.31,1.2,85.49
China,2097,2003,13.31,1.2,85.49
China,2097,2004,15.4,1.25,83.36
China,2097,2001,15.4,1.25,83.35
China,2097,2005,15.4,1.25,83.35
China,2097,2006,14.86,1.27,83.87
China,2097,2007,14.86,1.27,83.87
China,2097,2008,14.86,1.27,83.87
China,2097,2015,54.7,22.3,23
China,2097,2011,54.7,22.3,23
China,2097,2016,54.7,22.3,23
China,2097,2017,54.7,22.3,23
Christmas Island,2097,2002,0,0,100
Christmas Island,2097,1998,0,0,100
Christmas Island,2097,2003,0,0,100
Christmas Island,2097,2004,0,0,100
Christmas Island,2097,2001,0,0,100
Christmas Island,2097,2005,0,0,100
Christmas Island,2097,2006,0,0,100
Christmas Island,2097,2007,0,0,100
Christmas Island,2097,2008,0,0,100
Christmas Island,2097,2015,0,100,63
Christmas Island,2097,2011,0,100,63
Christmas Island,2097,2016,0,100,63
Christmas Island,2097,2017,0,100,63
Clipperton Island,2097,2002,0,0,100
Clipperton Island,2097,1998,0,0,100
Clipperton Island,2097,2003,0,0,100
Clipperton Island,2097,2004,0,0,100
Clipperton Island,2097,2001,0,0,100
Clipperton Island,2097,2005,0,0,100
Clipperton Island,2097,2006,0,0,100
Clipperton Island,2097,2007,0,0,100
Clipperton Island,2097,2008,0,0,100
Clipperton Island,2097,2015,0,0,100
Clipperton Island,2097,2011,0,0,100
Clipperton Island,2097,2016,0,0,100
Clipperton Island,2097,2017,0,0,100
Cocos (Keeling) Islands,2097,2002,0,0,100
Cocos (Keeling) Islands,2097,1998,0,0,100
Cocos (Keeling) Islands,2097,2003,0,0,100
Cocos (Keeling) Islands,2097,2004,0,0,100
Cocos (Keeling) Islands,2097,2001,0,0,100
Cocos (Keeling) Islands,2097,2005,0,0,100
Cocos (Keeling) Islands,2097,2006,0,0,100
Cocos (Keeling) Islands,2097,2007,0,0,100
Cocos (Keeling) Islands,2097,2008,0,0,100
Cocos (Keeling) Islands,2097,2015,0,0,100
Cocos (Keeling) Islands,2097,2011,0,0,100
Cocos (Keeling) Islands,2097,2016,0,0,100
Cocos (Keeling) Islands,2097,2017,0,0,100
Colombia,2097,2002,1.9,1.96,96.14
Colombia,2097,1998,1.9,1.96,96.14
Colombia,2097,2003,1.9,1.96,96.14
Colombia,2097,2004,2.42,1.67,95.91
Colombia,2097,2001,2.42,1.67,95.91
Colombia,2097,2005,2.42,1.67,95.91
Colombia,2097,2006,2.01,1.37,96.62
Colombia,2097,2007,2.01,1.37,96.62
Colombia,2097,2008,2.01,1.37,96.62
Colombia,2097,2015,37.5,54.4,8.1
Colombia,2097,2011,37.5,54.4,8.1
Colombia,2097,2016,37.5,54.4,8.1
Colombia,2097,2017,37.5,54.4,8.1
Comoros,2097,2002,34.98,17.94,47.08
Comoros,2097,1998,34.98,17.94,47.08
Comoros,2097,2003,34.98,17.94,47.08
Comoros,2097,2004,35.87,23.32,40.81
Comoros,2097,2001,35.87,23.32,40.81
Comoros,2097,2005,35.87,23.32,40.81
Comoros,2097,2006,35.87,23.32,40.81
Comoros,2097,2007,35.87,23.32,40.81
Comoros,2097,2008,35.87,23.32,40.81
Comoros,2097,2015,84.4,1.4,14.2
Comoros,2097,2011,84.4,1.4,14.2
Comoros,2097,2016,84.4,1.4,14.2
Comoros,2097,2017,84.4,1.4,14.2
Congo Democratic Republic Of The,2097,2002,2.96,0.52,96.52
Congo Democratic Republic Of The,2097,1998,2.96,0.52,96.52
Congo Democratic Republic Of The,2097,2003,2.96,0.52,96.52
Congo Democratic Republic Of The,2097,2004,2.96,0.52,96.52
Congo Democratic Republic Of The,2097,2001,2.96,0.52,96.52
Congo Democratic Republic Of The,2097,2005,2.96,0.52,96.52
Congo Democratic Republic Of The,2097,2006,2.86,0.47,96.67
Congo Democratic Republic Of The,2097,2007,2.86,0.47,96.67
Congo Democratic Republic Of The,2097,2008,2.86,0.47,96.67
Congo Democratic Republic Of The,2097,2015,11.4,67.9,20.7
Congo Democratic Republic Of The,2097,2011,11.4,67.9,20.7
Congo Democratic Republic Of The,2097,2016,11.4,67.9,20.7
Congo Democratic Republic Of The,2097,2017,11.4,67.9,20.7
Congo Republic Of The,2097,2002,0.5,0.13,99.37
Congo Republic Of The,2097,1998,0.5,0.13,99.37
Congo Republic Of The,2097,2003,0.5,0.13,99.37
Congo Republic Of The,2097,2004,0.51,0.13,99.36
Congo Republic Of The,2097,2001,0.51,0.13,99.36
Congo Republic Of The,2097,2005,0.51,0.13,99.36
Congo Republic Of The,2097,2006,1.45,0.15,98.4
Congo Republic Of The,2097,2007,1.45,0.15,98.4
Congo Republic Of The,2097,2008,1.45,0.15,98.4
Congo Republic Of The,2097,2015,31.1,65.6,3.3
Congo Republic Of The,2097,2011,31.1,65.6,3.3
Congo Republic Of The,2097,2016,31.1,65.6,3.3
Congo Republic Of The,2097,2017,31.1,65.6,3.3
Cook Islands,2097,2002,17.39,13.04,69.57
Cook Islands,2097,1998,17.39,13.04,69.57
Cook Islands,2097,2003,17.39,13.04,69.57
Cook Islands,2097,2004,17.39,13.04,69.57
Cook Islands,2097,2001,17.39,13.04,69.57
Cook Islands,2097,2005,17.39,13.04,69.57
Cook Islands,2097,2006,16.67,8.33,75
Cook Islands,2097,2007,16.67,8.33,75
Cook Islands,2097,2008,16.67,8.33,75
Cook Islands,2097,2015,8.4,64.6,27
Cook Islands,2097,2011,8.4,64.6,27
Cook Islands,2097,2016,8.4,64.6,27
Cook Islands,2097,2017,8.4,64.6,27
Coral Sea Islands,2097,2002,0,0,100
Coral Sea Islands,2097,1998,0,0,100
Coral Sea Islands,2097,2003,0,0,100
Coral Sea Islands,2097,2004,0,0,100
Coral Sea Islands,2097,2001,0,0,100
Coral Sea Islands,2097,2005,0,0,100
Coral Sea Islands,2097,2006,0,0,100
Coral Sea Islands,2097,2007,0,0,100
Coral Sea Islands,2097,2008,0,0,100
Coral Sea Islands,2097,2015,0,0,100
Coral Sea Islands,2097,2011,0,0,100
Coral Sea Islands,2097,2016,0,0,100
Coral Sea Islands,2097,2017,0,0,100
Costa Rica,2097,2002,4.41,5.48,90.11
Costa Rica,2097,1998,4.41,5.48,90.11
Costa Rica,2097,2003,4.41,5.48,90.11
Costa Rica,2097,2004,4.41,5.88,89.71
Costa Rica,2097,2001,4.41,5.88,89.71
Costa Rica,2097,2005,4.41,5.88,89.71
Costa Rica,2097,2006,4.4,5.87,89.73
Costa Rica,2097,2007,4.4,5.87,89.73
Costa Rica,2097,2008,4.4,5.87,89.73
Costa Rica,2097,2015,37.1,51.5,11.4
Costa Rica,2097,2011,37.1,51.5,11.4
Costa Rica,2097,2016,37.1,51.5,11.4
Costa Rica,2097,2017,37.1,51.5,11.4
Cote D'Ivoire,2097,2002,9.28,13.84,76.88
Cote D'Ivoire,2097,1998,9.28,13.84,76.88
Cote D'Ivoire,2097,2003,9.28,13.84,76.88
Cote D'Ivoire,2097,2004,9.75,13.84,76.41
Cote D'Ivoire,2097,2001,9.75,13.84,76.41
Cote D'Ivoire,2097,2005,9.75,13.84,76.41
Cote D'Ivoire,2097,2006,10.23,11.16,78.61
Cote D'Ivoire,2097,2007,10.23,11.16,78.61
Cote D'Ivoire,2097,2008,10.23,11.16,78.61
Cote D'Ivoire,2097,2015,64.8,32.7,2.5
Cote D'Ivoire,2097,2011,64.8,32.7,2.5
Cote D'Ivoire,2097,2016,64.8,32.7,2.5
Cote D'Ivoire,2097,2017,64.8,32.7,2.5
Croatia,2097,2002,23.55,2.24,74.21
Croatia,2097,1998,23.55,2.24,74.21
Croatia,2097,2003,23.55,2.24,74.21
Croatia,2097,2004,26.09,2.27,71.65
Croatia,2097,2001,26.09,2.27,71.65
Croatia,2097,2005,26.09,2.27,71.65
Croatia,2097,2006,25.82,2.19,71.99
Croatia,2097,2007,25.82,2.19,71.99
Croatia,2097,2008,25.82,2.19,71.99
Croatia,2097,2015,23.7,34.4,41.9
Croatia,2097,2011,23.7,34.4,41.9
Croatia,2097,2016,23.7,34.4,41.9
Croatia,2097,2017,23.7,34.4,41.9
Cuba,2097,2002,33.04,7.61,59.35
Cuba,2097,1998,33.04,7.61,59.35
Cuba,2097,2003,33.04,7.61,59.35
Cuba,2097,2004,33.05,7.6,59.35
Cuba,2097,2001,33.05,7.6,59.35
Cuba,2097,2005,33.05,7.6,59.35
Cuba,2097,2006,27.63,6.54,65.83
Cuba,2097,2007,27.63,6.54,65.83
Cuba,2097,2008,27.63,6.54,65.83
Cuba,2097,2015,60.3,27.3,12.4
Cuba,2097,2011,60.3,27.3,12.4
Cuba,2097,2016,60.3,27.3,12.4
Cuba,2097,2017,60.3,27.3,12.4
Cyprus,2097,2002,10.61,4.65,84.74
Cyprus,2097,1998,10.61,4.65,84.74
Cyprus,2097,2003,10.61,4.65,84.74
Cyprus,2097,2004,7.79,4.44,87.77
Cyprus,2097,2001,7.79,4.44,87.77
Cyprus,2097,2005,7.79,4.44,87.77
Cyprus,2097,2006,10.81,4.32,84.87
Cyprus,2097,2007,10.81,4.32,84.87
Cyprus,2097,2008,10.81,4.32,84.87
Cyprus,2097,2015,13.4,18.8,67.8
Cyprus,2097,2011,13.4,18.8,67.8
Cyprus,2097,2016,13.4,18.8,67.8
Cyprus,2097,2017,13.4,18.8,67.8
Czech Republic,2097,2002,40,3.04,56.96
Czech Republic,2097,1998,40,3.04,56.96
Czech Republic,2097,2003,40,3.04,56.96
Czech Republic,2097,2004,39.8,3.05,57.15
Czech Republic,2097,2001,39.8,3.05,57.15
Czech Republic,2097,2005,39.8,3.05,57.15
Czech Republic,2097,2006,38.82,3,58.18
Czech Republic,2097,2007,38.82,3,58.18
Czech Republic,2097,2008,38.82,3,58.18
Czech Republic,2097,2015,54.8,34.4,10.8
Czech Republic,2097,2011,54.8,34.4,10.8
Denmark,2097,2002,55.74,0.19,44.07
Denmark,2097,1998,55.74,0.19,44.07
Denmark,2097,2003,55.74,0.19,44.07
Denmark,2097,2004,54.02,0.19,45.79
Denmark,2097,2001,54.02,0.19,45.79
Denmark,2097,2005,54.02,0.19,45.79
Denmark,2097,2006,52.59,0.19,47.22
Denmark,2097,2007,52.59,0.19,47.22
Denmark,2097,2008,52.59,0.19,47.22
Denmark,2097,2015,63.4,12.9,23.7
Denmark,2097,2011,63.4,12.9,23.7
Denmark,2097,2016,63.4,12.9,23.7
Denmark,2097,2017,63.4,12.9,23.7
Djibouti,2097,2002,0,0,100
Djibouti,2097,1998,0,0,100
Djibouti,2097,2003,0,0,100
Djibouti,2097,2004,0.04,0,99.96
Djibouti,2097,2001,0.04,0,99.96
Djibouti,2097,2005,0.04,0,99.96
Djibouti,2097,2006,0.04,0,99.96
Djibouti,2097,2007,0.04,0,99.96
Djibouti,2097,2008,0.04,0,99.96
Djibouti,2097,2015,73.4,0.2,26.4
Djibouti,2097,2011,73.4,0.2,26.4
Djibouti,2097,2016,73.4,0.2,26.4
Djibouti,2097,2017,73.4,0.2,26.4
Dominica,2097,2002,4,16,80
Dominica,2097,1998,4,16,80
Dominica,2097,2003,4,16,80
Dominica,2097,2004,6.67,20,73.33
Dominica,2097,2001,6.67,20,73.33
Dominica,2097,2005,6.67,20,73.33
Dominica,2097,2006,6.67,21.33,72
Dominica,2097,2007,6.67,21.33,72
Dominica,2097,2008,6.67,21.33,72
Dominica,2097,2015,34.7,59.2,6.1
Dominica,2097,2011,34.7,59.2,6.1
Dominica,2097,2016,34.7,59.2,6.1
Dominica,2097,2017,34.7,59.2,6.1
Dominican Republic,2097,2002,21.08,9.92,69
Dominican Republic,2097,1998,21.08,9.92,69
Dominican Republic,2097,2003,21.08,9.92,69
Dominican Republic,2097,2004,22.65,10.33,67.02
Dominican Republic,2097,2001,22.65,10.33,67.02
Dominican Republic,2097,2005,22.65,10.33,67.02
Dominican Republic,2097,2006,22.49,10.26,67.25
Dominican Republic,2097,2007,22.49,10.26,67.25
Dominican Republic,2097,2008,22.49,10.26,67.25
Dominican Republic,2097,2015,51.5,40.8,7.7
Dominican Republic,2097,2011,51.5,40.8,7.7
Dominican Republic,2097,2016,51.5,40.8,7.7
Dominican Republic,2097,2017,51.5,40.8,7.7
East Timor,2097,2004,4.71,0.67,94.62
East Timor,2097,2001,4.71,0.67,94.62
East Timor,2097,2005,4.71,0.67,94.62
East Timor,2097,2006,8.2,4.57,87.23
Ecuador,2097,2002,5.69,5.15,89.16
Ecuador,2097,1998,5.69,5.15,89.16
Ecuador,2097,2003,5.69,5.15,89.16
Ecuador,2097,2004,5.85,4.93,89.22
Ecuador,2097,2001,5.85,4.93,89.22
Ecuador,2097,2005,5.85,4.93,89.22
Ecuador,2097,2006,5.71,4.81,89.48
Ecuador,2097,2007,5.71,4.81,89.48
Ecuador,2097,2008,5.71,4.81,89.48
Ecuador,2097,2015,29.7,38.9,31.4
Ecuador,2097,2011,29.7,38.9,31.4
Ecuador,2097,2016,29.7,38.9,31.4
Ecuador,2097,2017,29.7,38.9,31.4
Egypt,2097,2002,2.85,0.47,96.68
Egypt,2097,1998,2.85,0.47,96.68
Egypt,2097,2003,2.85,0.47,96.68
Egypt,2097,2004,2.87,0.48,96.65
Egypt,2097,2001,2.87,0.48,96.65
Egypt,2097,2005,2.87,0.48,96.65
Egypt,2097,2006,2.92,0.5,96.58
Egypt,2097,2007,2.92,0.5,96.58
Egypt,2097,2008,2.92,0.5,96.58
Egypt,2097,2015,3.6,0.1,96.3
Egypt,2097,2011,3.6,0.1,96.3
Egypt,2097,2016,3.6,0.1,96.3
Egypt,2097,2017,3.6,0.1,96.3
El Salvador,2097,2002,27.27,12.11,60.62
El Salvador,2097,1998,27.27,12.11,60.62
El Salvador,2097,2003,27.27,12.11,60.62
El Salvador,2097,2004,31.85,12.07,56.08
El Salvador,2097,2001,31.85,12.07,56.08
El Salvador,2097,2005,31.85,12.07,56.08
El Salvador,2097,2006,31.37,11.88,56.75
El Salvador,2097,2007,31.37,11.88,56.75
El Salvador,2097,2008,31.37,11.88,56.75
El Salvador,2097,2015,74.7,13.6,11.7
El Salvador,2097,2011,74.7,13.6,11.7
El Salvador,2097,2016,74.7,13.6,11.7
El Salvador,2097,2017,74.7,13.6,11.7
Equatorial Guinea,2097,2002,4.63,3.57,91.8
Equatorial Guinea,2097,1998,4.63,3.57,91.8
Equatorial Guinea,2097,2003,4.63,3.57,91.8
Equatorial Guinea,2097,2004,4.63,3.57,91.8
Equatorial Guinea,2097,2001,4.63,3.57,91.8
Equatorial Guinea,2097,2005,4.63,3.57,91.8
Equatorial Guinea,2097,2006,4.63,3.57,91.8
Equatorial Guinea,2097,2007,4.63,3.57,91.8
Equatorial Guinea,2097,2008,4.63,3.57,91.8
Equatorial Guinea,2097,2015,10.1,57.5,32.4
Equatorial Guinea,2097,2011,10.1,57.5,32.4
Equatorial Guinea,2097,2016,10.1,57.5,32.4
Equatorial Guinea,2097,2017,10.1,57.5,32.4
Eritrea,2097,2002,3.87,0.02,96.11
Eritrea,2097,1998,3.87,0.02,96.11
Eritrea,2097,2003,3.87,0.02,96.11
Eritrea,2097,2004,4.95,0.03,95.02
Eritrea,2097,2001,4.95,0.03,95.02
Eritrea,2097,2005,4.95,0.03,95.02
Eritrea,2097,2006,4.78,0.03,95.19
Eritrea,2097,2007,4.78,0.03,95.19
Eritrea,2097,2008,4.78,0.03,95.19
Eritrea,2097,2015,75.1,15.1,9.8
Eritrea,2097,2011,75.1,15.1,9.8
Eritrea,2097,2016,75.1,15.1,9.8
Eritrea,2097,2017,75.1,15.1,9.8
Estonia,2097,2002,26.5,0.35,73.15
Estonia,2097,1998,26.5,0.35,73.15
Estonia,2097,2003,26.5,0.35,73.15
Estonia,2097,2004,16.04,0.45,83.51
Estonia,2097,2001,16.04,0.45,83.51
Estonia,2097,2005,16.04,0.45,83.51
Estonia,2097,2006,12.05,0.35,87.6
Estonia,2097,2007,12.05,0.35,87.6
Estonia,2097,2008,12.05,0.35,87.6
Estonia,2097,2015,22.2,52.1,25.7
Estonia,2097,2011,22.2,52.1,25.7
Estonia,2097,2016,22.2,52.1,25.7
Estonia,2097,2017,22.2,52.1,25.7
Ethiopia,2097,2002,9.9,0.65,89.45
Ethiopia,2097,1998,9.9,0.65,89.45
Ethiopia,2097,2003,9.9,0.65,89.45
Ethiopia,2097,2004,10.71,0.75,88.54
Ethiopia,2097,2001,10.71,0.75,88.54
Ethiopia,2097,2005,10.71,0.75,88.54
Ethiopia,2097,2006,10.01,0.65,89.34
Ethiopia,2097,2007,10.01,0.65,89.34
Ethiopia,2097,2008,10.01,0.65,89.34
Ethiopia,2097,2015,36.3,12.2,51.5
Ethiopia,2097,2011,36.3,12.2,51.5
Ethiopia,2097,2016,36.3,12.2,51.5
Ethiopia,2097,2017,36.3,12.2,51.5
Europa Island,2097,2002,0,0,100
Europa Island,2097,1998,0,0,100
Europa Island,2097,2003,0,0,100
Europa Island,2097,2004,0,0,100
Europa Island,2097,2001,0,0,100
Europa Island,2097,2005,0,0,100
Europa Island,2097,2006,0,0,100
Falkland Islands (Islas Malvinas),2097,2015,92.4,0,7.6
Falkland Islands (Islas Malvinas),2097,2011,92.4,0,7.6
Falkland Islands (Islas Malvinas),2097,2016,92.4,0,7.6
Falkland Islands (Islas Malvinas),2097,2017,92.4,0,7.6
Faroe Islands,2097,2002,2.14,0,97.86
Faroe Islands,2097,1998,2.14,0,97.86
Faroe Islands,2097,2003,2.14,0,97.86
Faroe Islands,2097,2004,2.14,0,97.86
Faroe Islands,2097,2001,2.14,0,97.86
Faroe Islands,2097,2005,2.14,0,97.86
Faroe Islands,2097,2006,2.14,0,97.86
Faroe Islands,2097,2007,2.14,0,97.86
Faroe Islands,2097,2008,2.14,0,97.86
Faroe Islands,2097,2015,2.1,0.1,97.8
Faroe Islands,2097,2011,2.1,0.1,97.8
Faroe Islands,2097,2016,2.1,0.1,97.8
Faroe Islands,2097,2017,2.1,0.1,97.8
Fiji,2097,2002,10.95,4.65,84.4
Fiji,2097,1998,10.95,4.65,84.4
Fiji,2097,2003,10.95,4.65,84.4
Fiji,2097,2004,10.95,4.65,84.4
Fiji,2097,2001,10.95,4.65,84.4
Fiji,2097,2005,10.95,4.65,84.4
Fiji,2097,2006,10.95,4.65,84.4
Fiji,2097,2007,10.95,4.65,84.4
Fiji,2097,2008,10.95,4.65,84.4
Fiji,2097,2015,23.3,55.7,21
Fiji,2097,2011,23.3,55.7,21
Fiji,2097,2016,23.3,55.7,21
Fiji,2097,2017,23.3,55.7,21
Finland,2097,2002,6.98,0.01,93.01
Finland,2097,1998,6.98,0.01,93.01
Finland,2097,2003,6.98,0.01,93.01
Finland,2097,2004,7.19,0.03,92.78
Finland,2097,2001,7.19,0.03,92.78
Finland,2097,2005,7.19,0.03,92.78
Finland,2097,2006,6.54,0.02,93.44
Finland,2097,2007,6.54,0.02,93.44
Finland,2097,2008,6.54,0.02,93.44
Finland,2097,2015,7.5,72.9,19.6
Finland,2097,2011,7.5,72.9,19.6
Finland,2097,2016,7.5,72.9,19.6
Finland,2097,2017,7.5,72.9,19.6
France,2097,2002,33.3,2.11,64.59
France,2097,1998,33.3,2.11,64.59
France,2097,2003,33.3,2.11,64.59
France,2097,2004,33.53,2.07,64.4
France,2097,2001,33.53,2.07,64.4
France,2097,2005,33.53,2.07,64.4
France,2097,2006,33.46,2.03,64.51
France,2097,2015,52.7,29.2,18.1
France,2097,2011,52.7,29.2,18.1
France,2097,2016,52.7,29.2,18.1
France,2097,2017,52.7,29.2,18.1
French Polynesia,2097,2002,1.64,6.01,92.35
French Polynesia,2097,1998,1.64,6.01,92.35
French Polynesia,2097,2003,1.64,6.01,92.35
French Polynesia,2097,2004,0.82,5.46,93.72
French Polynesia,2097,2001,0.82,5.46,93.72
French Polynesia,2097,2005,0.82,5.46,93.72
French Polynesia,2097,2006,0.75,5.5,93.75
French Polynesia,2097,2007,0.75,5.5,93.75
French Polynesia,2097,2008,0.75,5.5,93.75
French Polynesia,2097,2015,12.5,43.7,43.8
French Polynesia,2097,2011,12.5,43.7,43.8
French Polynesia,2097,2016,12.5,43.7,43.8
French Polynesia,2097,2017,12.5,43.7,43.8
French Southern And Antarctic Lands,2097,2002,0,0,100
French Southern And Antarctic Lands,2097,1998,0,0,100
French Southern And Antarctic Lands,2097,2003,0,0,100
French Southern And Antarctic Lands,2097,2004,0,0,100
French Southern And Antarctic Lands,2097,2001,0,0,100
French Southern And Antarctic Lands,2097,2005,0,0,100
French Southern And Antarctic Lands,2097,2006,0,0,100
Gabon,2097,2002,1.26,0.66,98.08
Gabon,2097,1998,1.26,0.66,98.08
Gabon,2097,2003,1.26,0.66,98.08
Gabon,2097,2004,1.26,0.66,98.08
Gabon,2097,2001,1.26,0.66,98.08
Gabon,2097,2005,1.26,0.66,98.08
Gabon,2097,2006,1.21,0.64,98.15
Gabon,2097,2007,1.21,0.64,98.15
Gabon,2097,2008,1.21,0.64,98.15
Gabon,2097,2015,18.1,81,0
Gabon,2097,2011,19,81,0
Gabon,2097,2016,19,81,0
Gabon,2097,2017,19,81,0
Gambia The,2097,2002,19.5,0.5,80
Gambia The,2097,1998,19.5,0.5,80
Gambia The,2097,2003,19.5,0.5,80
Gambia The,2097,2004,25,0.5,74.5
Gambia The,2097,2001,25,0.5,74.5
Gambia The,2097,2005,25,0.5,74.5
Gambia The,2097,2006,27.88,0.44,71.68
Gambia The,2097,2007,27.88,0.44,71.68
Gambia The,2097,2008,27.88,0.44,71.68
Gambia The,2097,2015,56.1,43.9,0
Gambia The,2097,2011,56.1,43.9,0
Gambia The,2097,2016,56.1,43.9,0
Gambia The,2097,2017,56.1,43.9,0
Gaza Strip,2097,2002,26.32,39.47,34.21
Gaza Strip,2097,1998,26.32,39.47,34.21
Gaza Strip,2097,2003,26.32,39.47,34.21
Gaza Strip,2097,2004,28.95,21.05,50
Gaza Strip,2097,2001,28.95,21.05,50
Gaza Strip,2097,2005,28.95,21.05,50
Gaza Strip,2097,2006,29,21,50
Gaza Strip,2097,2007,29,21,50
Gaza Strip,2097,2008,29,21,50
Georgia,2097,2002,11.21,4.09,84.7
Georgia,2097,1998,11.21,4.09,84.7
Georgia,2097,2003,11.21,4.09,84.7
Georgia,2097,2004,11.44,3.86,84.7
Georgia,2097,2001,11.44,3.86,84.7
Georgia,2097,2005,11.44,3.86,84.7
Georgia,2097,2006,11.51,3.79,84.7
Georgia,2097,2007,11.51,3.79,84.7
Georgia,2097,2008,11.51,3.79,84.7
Georgia,2097,2015,35.5,39.4,25.1
Georgia,2097,2011,35.5,39.4,25.1
Georgia,2097,2016,35.5,39.4,25.1
Georgia,2097,2017,35.5,39.4,25.1
Germany,2097,2002,33.88,0.65,65.47
Germany,2097,1998,33.88,0.65,65.47
Germany,2097,2003,33.88,0.65,65.47
Germany,2097,2004,33.85,0.59,65.56
Germany,2097,2001,33.85,0.59,65.56
Germany,2097,2005,33.85,0.59,65.56
Germany,2097,2006,33.13,0.6,66.27
Germany,2097,2007,33.13,0.6,66.27
Germany,2097,2008,33.13,0.6,66.27
Germany,2097,2015,48,31.8,20.2
Germany,2097,2011,48,31.8,20.2
Germany,2097,2016,48,31.8,20.2
Germany,2097,2017,48,31.8,20.2
Ghana,2097,2002,15.82,7.47,76.71
Ghana,2097,1998,15.82,7.47,76.71
Ghana,2097,2003,15.82,7.47,76.71
Ghana,2097,2004,16.26,9.67,74.07
Ghana,2097,2001,16.26,9.67,74.07
Ghana,2097,2005,16.26,9.67,74.07
Ghana,2097,2006,17.54,9.22,73.24
Ghana,2097,2007,17.54,9.22,73.24
Ghana,2097,2008,17.54,9.22,73.24
Ghana,2097,2015,69.1,21.2,9.7
Ghana,2097,2011,69.1,21.2,9.7
Ghana,2097,2016,69.1,21.2,9.7
Ghana,2097,2017,69.1,21.2,9.7
Gibraltar,2097,2002,0,0,100
Gibraltar,2097,1998,0,0,100
Gibraltar,2097,2003,0,0,100
Gibraltar,2097,2004,0,0,100
Gibraltar,2097,2001,0,0,100
Gibraltar,2097,2005,0,0,100
Gibraltar,2097,2006,0,0,100
Gibraltar,2097,2007,0,0,100
Gibraltar,2097,2008,0,0,100
Gibraltar,2097,2015,0,0,100
Gibraltar,2097,2011,0,0,100
Gibraltar,2097,2016,0,0,100
Gibraltar,2097,2017,0,0,100
